Sim 3

Solar R: 0.2735
Solar A: 0.7265
Solar T: 0.0

WL	R	A	T	n(1)	mu_a(1)	mu_s(1)	g(1)	t(1)	n(2)	mu_a(2)	mu_s(2)	g(2)	t(2)
0.25	0.0548	0.9452	0.0	1.555	0.4668	0.1277	0.1764	100.0	1.555	4.2217	4.7957	0.8407	300.0	
0.29	0.0513	0.9487	0.0	1.5318	0.412	0.0934	0.1299	100.0	1.5318	4.2022	5.1737	0.7946	300.0	
0.33	0.0487	0.9513	0.0	1.5182	0.332	0.0612	0.1027	100.0	1.5182	4.158	5.2067	0.766	300.0	
0.37	0.0469	0.9531	0.0	1.5098	0.3094	0.0444	0.0787	100.0	1.5098	3.7445	7.0966	0.77	300.0	
0.41	0.0465	0.9535	0.0	1.5042	0.2515	0.038	0.0709	100.0	1.5042	0.6985	8.6459	0.6907	300.0	
0.45	0.0463	0.9537	0.0	1.5004	0.1629	0.0259	0.0689	100.0	1.5004	0.2345	5.8568	0.2666	300.0	
0.49	0.0463	0.9537	0.0	1.4977	0.103	0.017	0.0624	100.0	1.4977	0.0006	9.2065	0.3573	300.0	
0.53	0.046	0.954	0.0	1.4957	0.0711	0.0114	0.0537	100.0	1.4957	0.0007	12.139	0.3872	300.0	
0.57	0.0485	0.9515	0.0	1.4943	0.0394	0.0085	0.0486	100.0	1.4943	0.0005	14.6152	0.6075	300.0	
0.61	0.0708	0.9292	0.0	1.4932	0.0123	0.0056	0.0404	100.0	1.4932	0.0006	18.1431	0.6052	300.0	
0.65	0.1364	0.8636	0.0	1.4923	0.006	0.0039	0.0338	100.0	1.4923	0.0004	15.1746	0.5811	300.0	
0.69	0.2277	0.7723	0.0	1.4916	0.0035	0.0028	0.0291	100.0	1.4916	0.0004	15.4295	0.6309	300.0	
0.73	0.3102	0.6898	0.0	1.4911	0.0024	0.0021	0.0255	100.0	1.4911	0.0004	16.5924	0.6666	300.0	
0.77	0.362	0.638	0.0	1.4907	0.0019	0.0016	0.0226	100.0	1.4907	0.0004	16.2251	0.6667	300.0	
0.81	0.3542	0.6458	0.0	1.4903	0.002	0.0013	0.0201	100.0	1.4903	0.0004	13.7551	0.6374	300.0	
0.85	0.3226	0.6774	0.0	1.49	0.0023	0.001	0.0182	100.0	1.49	0.0003	11.9461	0.5982	300.0	
0.89	0.3471	0.6529	0.0	1.4898	0.0022	0.0008	0.0165	100.0	1.4898	0.0002	11.0	0.5693	300.0	
0.93	0.3853	0.6147	0.0	1.4895	0.0018	0.0007	0.015	100.0	1.4895	0.0002	10.6392	0.5549	300.0	
0.97	0.4275	0.5725	0.0	1.4894	0.0015	0.0006	0.0138	100.0	1.4894	0.0002	10.3597	0.5556	300.0	
1.01	0.5034	0.4966	0.0	1.4892	0.0011	0.0005	0.0127	100.0	1.4892	0.0002	10.0926	0.5634	300.0	
1.05	0.5789	0.4211	0.0	1.4891	0.0008	0.0004	0.0117	100.0	1.4891	0.0002	9.385	0.5793	300.0	
1.09	0.5882	0.4118	0.0	1.489	0.0008	0.0003	0.0108	100.0	1.489	0.0002	8.5848	0.5907	300.0	
1.13	0.5924	0.4076	0.0	1.4889	0.0007	0.0003	0.01	100.0	1.4889	0.0002	7.5481	0.5963	300.0	
1.17	0.6166	0.3834	0.0	1.4888	0.0006	0.0003	0.0093	100.0	1.4888	0.0003	6.5436	0.5909	300.0	
1.21	0.5947	0.4053	0.0	1.4887	0.0007	0.0002	0.0087	100.0	1.4887	0.0003	5.7488	0.5748	300.0	
1.25	0.6141	0.3859	0.0	1.4887	0.0007	0.0002	0.0081	100.0	1.4887	0.0002	5.0861	0.5507	300.0	
1.29	0.6206	0.3794	0.0	1.4886	0.0006	0.0002	0.0076	100.0	1.4886	0.0002	4.4383	0.5191	300.0	
1.33	0.5911	0.4089	0.0	1.4886	0.0007	0.0001	0.0071	100.0	1.4886	0.0001	4.0067	0.4875	300.0	
1.37	0.5759	0.4241	0.0	1.4885	0.0008	0.0001	0.0067	100.0	1.4885	0.0002	3.6442	0.4559	300.0	
1.41	0.5366	0.4634	0.0	1.4885	0.0009	0.0001	0.0063	100.0	1.4885	0.0002	3.332	0.4256	300.0	
1.45	0.5327	0.4673	0.0	1.4884	0.001	0.0001	0.006	100.0	1.4884	0.0001	3.0585	0.3973	300.0	
1.49	0.537	0.4629	0.0	1.4884	0.0009	0.0001	0.0057	100.0	1.4884	0.0001	2.8139	0.3713	300.0	
1.53	0.5282	0.4717	0.0001	1.4884	0.001	0.0001	0.0054	100.0	1.4884	0.0001	2.5914	0.3476	300.0	
1.57	0.5295	0.4705	0.0	1.4883	0.001	0.0001	0.0051	100.0	1.4883	0.0001	2.3886	0.326	300.0	
1.61	0.5053	0.4946	0.0001	1.4883	0.0011	0.0001	0.0048	100.0	1.4883	0.0001	2.2028	0.3064	300.0	
1.65	0.4898	0.5101	0.0001	1.4883	0.0012	0.0001	0.0046	100.0	1.4883	0.0001	2.0323	0.2887	300.0	
1.69	0.4011	0.5989	0.0	1.4883	0.0017	0.0001	0.0044	100.0	1.4883	0.0003	1.8754	0.2726	300.0	
1.73	0.4019	0.5981	0.0	1.4883	0.0017	0.0	0.0042	100.0	1.4883	0.0002	1.7316	0.258	300.0	
1.77	0.4448	0.555	0.0001	1.4882	0.0014	0.0	0.004	100.0	1.4882	0.0001	1.5996	0.2446	300.0	
1.81	0.4709	0.5287	0.0003	1.4882	0.0013	0.0	0.0038	100.0	1.4882	0.0001	1.4782	0.2324	300.0	
1.85	0.4763	0.5231	0.0006	1.4882	0.0012	0.0	0.0036	100.0	1.4882	0.0001	1.3666	0.2211	300.0	
1.89	0.4403	0.559	0.0007	1.4882	0.0015	0.0	0.0035	100.0	1.4882	0.0001	1.2641	0.2108	300.0	
1.93	0.4328	0.5666	0.0005	1.4882	0.0015	0.0	0.0034	100.0	1.4882	0.0001	1.1701	0.2012	300.0	
1.97	0.4545	0.5446	0.0008	1.4882	0.0014	0.0	0.0032	100.0	1.4882	0.0001	1.0838	0.1923	300.0	
2.01	0.4451	0.5541	0.0008	1.4882	0.0014	0.0	0.0031	100.0	1.4882	0.0001	1.0046	0.1841	300.0	
2.05	0.4328	0.5667	0.0005	1.4882	0.0015	0.0	0.003	100.0	1.4882	0.0001	0.9319	0.1765	300.0	
2.09	0.4197	0.5798	0.0005	1.4882	0.0015	0.0	0.0029	100.0	1.4882	0.0001	0.8653	0.1693	300.0	
2.13	0.3927	0.6071	0.0002	1.4881	0.0017	0.0	0.0028	100.0	1.4881	0.0002	0.804	0.1626	300.0	
2.17	0.4061	0.5934	0.0005	1.4881	0.0016	0.0	0.0027	100.0	1.4881	0.0002	0.7478	0.1563	300.0	
2.21	0.3727	0.6271	0.0002	1.4881	0.0018	0.0	0.0026	100.0	1.4881	0.0002	0.6961	0.1505	300.0	
2.25	0.2033	0.7967	0.0	1.4881	0.0039	0.0	0.0025	100.0	1.4881	0.0011	0.6481	0.1449	300.0	
2.29	0.1508	0.8492	0.0	1.4881	0.0053	0.0	0.0024	100.0	1.4881	0.0017	0.6041	0.1397	300.0	
2.33	0.205	0.795	0.0	1.4881	0.0039	0.0	0.0023	100.0	1.4881	0.0011	0.5642	0.1348	300.0	
2.37	0.2254	0.7746	0.0	1.4881	0.0034	0.0	0.0022	100.0	1.4881	0.0009	0.5272	0.1302	300.0	
2.41	0.2079	0.7921	0.0	1.4881	0.0037	0.0	0.0021	100.0	1.4881	0.0011	0.493	0.1258	300.0	
2.45	0.1893	0.8107	0.0	1.4881	0.0041	0.0	0.0021	100.0	1.4881	0.0012	0.4614	0.1216	300.0	
2.49	0.2552	0.7447	0.0	1.4881	0.0029	0.0	0.002	100.0	1.4881	0.0008	0.4324	0.1177	300.0	
2.5	0.2715	0.7284	0.0001	1.4881	0.0027	0.0	0.002	100.0	1.4881	0.0007	0.4255	0.1167	300.0	

Input file:
mc
output:out1
particle1:fe2o3.txt
particle2:tio2.txt
matrix1:acr.txt
solar:am15.txt
photons:50000
start:0.25
end:2.5
interval:0.04

sim3
layer1
matrix1
t:100
particle1
d:0.05
vf:1.0
layer2
matrix1
t:300
particle2
d:0.4
vf:60
