Sim 2

Solar R: 0.3356
Solar A: 0.6644
Solar T: 0.0

WL	R	A	T	n(1)	mu_a(1)	mu_s(1)	g(1)	t(1)	n(2)	mu_a(2)	mu_s(2)	g(2)	t(2)
0.25	0.052	0.948	0.0	1.555	0.1184	0.0703	0.628	100.0	1.555	4.2217	4.7957	0.8407	300.0	
0.29	0.0505	0.9495	0.0	1.5318	0.1187	0.0698	0.5559	100.0	1.5318	4.2022	5.1737	0.7946	300.0	
0.33	0.0514	0.9486	0.0	1.5182	0.1169	0.0684	0.4646	100.0	1.5182	4.158	5.2067	0.766	300.0	
0.37	0.0519	0.9481	0.0	1.5098	0.1182	0.0645	0.3693	100.0	1.5098	3.7445	7.0966	0.77	300.0	
0.41	0.0545	0.9455	0.0	1.5042	0.1221	0.0759	0.3092	100.0	1.5042	0.6985	8.6459	0.6907	300.0	
0.45	0.0566	0.9434	0.0	1.5004	0.1129	0.0763	0.2964	100.0	1.5004	0.2345	5.8568	0.2666	300.0	
0.49	0.0581	0.9419	0.0	1.4977	0.0863	0.0637	0.2806	100.0	1.4977	0.0006	9.2065	0.3573	300.0	
0.53	0.0609	0.9391	0.0	1.4957	0.0598	0.0475	0.2401	100.0	1.4957	0.0007	12.139	0.3872	300.0	
0.57	0.0706	0.9294	0.0	1.4943	0.0343	0.0385	0.2137	100.0	1.4943	0.0005	14.6152	0.6075	300.0	
0.61	0.117	0.883	0.0	1.4932	0.0098	0.0258	0.1687	100.0	1.4932	0.0006	18.1431	0.6052	300.0	
0.65	0.1846	0.8154	0.0	1.4923	0.0044	0.0173	0.1372	100.0	1.4923	0.0004	15.1746	0.5811	300.0	
0.69	0.284	0.716	0.0	1.4916	0.0024	0.0124	0.1168	100.0	1.4916	0.0004	15.4295	0.6309	300.0	
0.73	0.3753	0.6247	0.0	1.4911	0.0016	0.0092	0.1015	100.0	1.4911	0.0004	16.5924	0.6666	300.0	
0.77	0.4412	0.5588	0.0	1.4907	0.0012	0.007	0.0895	100.0	1.4907	0.0004	16.2251	0.6667	300.0	
0.81	0.4377	0.5623	0.0	1.4903	0.0012	0.0054	0.0798	100.0	1.4903	0.0004	13.7551	0.6374	300.0	
0.85	0.4114	0.5886	0.0	1.49	0.0014	0.0043	0.0719	100.0	1.49	0.0003	11.9461	0.5982	300.0	
0.89	0.4392	0.5608	0.0	1.4898	0.0013	0.0035	0.0652	100.0	1.4898	0.0002	11.0	0.5693	300.0	
0.93	0.4863	0.5137	0.0	1.4895	0.0011	0.0029	0.0595	100.0	1.4895	0.0002	10.6392	0.5549	300.0	
0.97	0.5318	0.4682	0.0	1.4894	0.0009	0.0024	0.0545	100.0	1.4894	0.0002	10.3597	0.5556	300.0	
1.01	0.608	0.392	0.0	1.4892	0.0006	0.002	0.0501	100.0	1.4892	0.0002	10.0926	0.5634	300.0	
1.05	0.6843	0.3157	0.0	1.4891	0.0004	0.0017	0.0462	100.0	1.4891	0.0002	9.385	0.5793	300.0	
1.09	0.6901	0.3099	0.0	1.489	0.0004	0.0014	0.0427	100.0	1.489	0.0002	8.5848	0.5907	300.0	
1.13	0.6993	0.3007	0.0	1.4889	0.0004	0.0012	0.0396	100.0	1.4889	0.0002	7.5481	0.5963	300.0	
1.17	0.7068	0.2932	0.0	1.4888	0.0004	0.001	0.0369	100.0	1.4888	0.0003	6.5436	0.5909	300.0	
1.21	0.6952	0.3048	0.0	1.4887	0.0004	0.0009	0.0344	100.0	1.4887	0.0003	5.7488	0.5748	300.0	
1.25	0.7195	0.2805	0.0	1.4887	0.0004	0.0008	0.0322	100.0	1.4887	0.0002	5.0861	0.5507	300.0	
1.29	0.7272	0.2728	0.0	1.4886	0.0003	0.0007	0.0302	100.0	1.4886	0.0002	4.4383	0.5191	300.0	
1.33	0.7052	0.2948	0.0	1.4886	0.0004	0.0006	0.0283	100.0	1.4886	0.0001	4.0067	0.4875	300.0	
1.37	0.6804	0.3196	0.0	1.4885	0.0005	0.0005	0.0267	100.0	1.4885	0.0002	3.6442	0.4559	300.0	
1.41	0.6451	0.3549	0.0	1.4885	0.0005	0.0005	0.0252	100.0	1.4885	0.0002	3.332	0.4256	300.0	
1.45	0.641	0.359	0.0	1.4884	0.0006	0.0004	0.0238	100.0	1.4884	0.0001	3.0585	0.3973	300.0	
1.49	0.6594	0.3406	0.0	1.4884	0.0005	0.0004	0.0225	100.0	1.4884	0.0001	2.8139	0.3713	300.0	
1.53	0.6514	0.3486	0.0001	1.4884	0.0005	0.0003	0.0213	100.0	1.4884	0.0001	2.5914	0.3476	300.0	
1.57	0.6541	0.3459	0.0	1.4883	0.0005	0.0003	0.0202	100.0	1.4883	0.0001	2.3886	0.326	300.0	
1.61	0.6329	0.367	0.0001	1.4883	0.0006	0.0003	0.0192	100.0	1.4883	0.0001	2.2028	0.3064	300.0	
1.65	0.6156	0.3843	0.0001	1.4883	0.0006	0.0002	0.0183	100.0	1.4883	0.0001	2.0323	0.2887	300.0	
1.69	0.4749	0.5251	0.0	1.4883	0.0012	0.0002	0.0174	100.0	1.4883	0.0003	1.8754	0.2726	300.0	
1.73	0.484	0.516	0.0	1.4883	0.0011	0.0002	0.0166	100.0	1.4883	0.0002	1.7316	0.258	300.0	
1.77	0.5439	0.456	0.0001	1.4882	0.0009	0.0002	0.0159	100.0	1.4882	0.0001	1.5996	0.2446	300.0	
1.81	0.5859	0.4137	0.0004	1.4882	0.0008	0.0002	0.0152	100.0	1.4882	0.0001	1.4782	0.2324	300.0	
1.85	0.5985	0.4008	0.0006	1.4882	0.0007	0.0001	0.0145	100.0	1.4882	0.0001	1.3666	0.2211	300.0	
1.89	0.5598	0.4393	0.0009	1.4882	0.0008	0.0001	0.0139	100.0	1.4882	0.0001	1.2641	0.2108	300.0	
1.93	0.5485	0.4508	0.0007	1.4882	0.0009	0.0001	0.0134	100.0	1.4882	0.0001	1.1701	0.2012	300.0	
1.97	0.5684	0.4305	0.0011	1.4882	0.0008	0.0001	0.0128	100.0	1.4882	0.0001	1.0838	0.1923	300.0	
2.01	0.5599	0.4389	0.0011	1.4882	0.0008	0.0001	0.0123	100.0	1.4882	0.0001	1.0046	0.1841	300.0	
2.05	0.5354	0.464	0.0006	1.4882	0.0009	0.0001	0.0118	100.0	1.4882	0.0001	0.9319	0.1765	300.0	
2.09	0.5182	0.4813	0.0006	1.4882	0.001	0.0001	0.0114	100.0	1.4882	0.0001	0.8653	0.1693	300.0	
2.13	0.4806	0.5191	0.0002	1.4881	0.0011	0.0001	0.011	100.0	1.4881	0.0002	0.804	0.1626	300.0	
2.17	0.499	0.5004	0.0006	1.4881	0.001	0.0001	0.0106	100.0	1.4881	0.0002	0.7478	0.1563	300.0	
2.21	0.4554	0.5443	0.0002	1.4881	0.0012	0.0001	0.0102	100.0	1.4881	0.0002	0.6961	0.1505	300.0	
2.25	0.2248	0.7751	0.0	1.4881	0.0034	0.0001	0.0098	100.0	1.4881	0.0011	0.6481	0.1449	300.0	
2.29	0.1671	0.8329	0.0	1.4881	0.0048	0.0001	0.0095	100.0	1.4881	0.0017	0.6041	0.1397	300.0	
2.33	0.2272	0.7728	0.0	1.4881	0.0033	0.0001	0.0092	100.0	1.4881	0.0011	0.5642	0.1348	300.0	
2.37	0.2561	0.7439	0.0	1.4881	0.0029	0.0001	0.0089	100.0	1.4881	0.0009	0.5272	0.1302	300.0	
2.41	0.232	0.768	0.0	1.4881	0.0032	0.0001	0.0086	100.0	1.4881	0.0011	0.493	0.1258	300.0	
2.45	0.2092	0.7908	0.0	1.4881	0.0036	0.0	0.0083	100.0	1.4881	0.0012	0.4614	0.1216	300.0	
2.49	0.2879	0.7121	0.0	1.4881	0.0024	0.0	0.008	100.0	1.4881	0.0008	0.4324	0.1177	300.0	
2.5	0.3089	0.691	0.0001	1.4881	0.0022	0.0	0.008	100.0	1.4881	0.0007	0.4255	0.1167	300.0	

Input file:
mc
output:out2
particle1:fe2o3.txt
particle2:tio2.txt
matrix1:acr.txt
solar:am15.txt
photons:50000
start:0.25
end:2.5
interval:0.04

sim2
layer1
matrix1
t:100
particle1
d:0.1
vf:0.5
layer2
matrix1
t:300
particle2
d:0.4
vf:60
