Sim 3

Solar R: 0.2211
Solar A: 0.7789
Solar T: 0.0

WL	R	A	T	n(1)	mu_a(1)	mu_s(1)	g(1)	t(1)	n(2)	mu_a(2)	mu_s(2)	g(2)	t(2)
0.25	0.0503	0.9497	0.0	1.555	0.0531	0.0453	0.7942	200.0	1.555	4.2217	4.7957	0.8407	300.0	
0.29	0.0477	0.9523	0.0	1.5318	0.0535	0.0456	0.7775	200.0	1.5318	4.2022	5.1737	0.7946	300.0	
0.33	0.0465	0.9535	0.0	1.5182	0.0559	0.0465	0.758	200.0	1.5182	4.158	5.2067	0.766	300.0	
0.37	0.0462	0.9538	0.0	1.5098	0.0571	0.0464	0.7226	200.0	1.5098	3.7445	7.0966	0.77	300.0	
0.41	0.0473	0.9527	0.0	1.5042	0.0583	0.0506	0.6738	200.0	1.5042	0.6985	8.6459	0.6907	300.0	
0.45	0.0481	0.9519	0.0	1.5004	0.0609	0.0552	0.6483	200.0	1.5004	0.2345	5.8568	0.2666	300.0	
0.49	0.0494	0.9506	0.0	1.4977	0.0635	0.0628	0.6345	200.0	1.4977	0.0006	9.2065	0.3573	300.0	
0.53	0.0529	0.9471	0.0	1.4957	0.0601	0.0709	0.5868	200.0	1.4957	0.0007	12.139	0.3872	300.0	
0.57	0.0694	0.9306	0.0	1.4943	0.0483	0.0897	0.488	200.0	1.4943	0.0005	14.6152	0.6075	300.0	
0.61	0.143	0.857	0.0	1.4932	0.0216	0.1306	0.4196	200.0	1.4932	0.0006	18.1431	0.6052	300.0	
0.65	0.163	0.837	0.0	1.4923	0.0157	0.1411	0.5046	200.0	1.4923	0.0004	15.1746	0.5811	300.0	
0.69	0.1836	0.8164	0.0	1.4916	0.0086	0.1058	0.5538	200.0	1.4916	0.0004	15.4295	0.6309	300.0	
0.73	0.2291	0.7709	0.0	1.4911	0.0044	0.0722	0.5125	200.0	1.4911	0.0004	16.5924	0.6666	300.0	
0.77	0.2671	0.7329	0.0	1.4907	0.0028	0.0534	0.4409	200.0	1.4907	0.0004	16.2251	0.6667	300.0	
0.81	0.2649	0.7351	0.0	1.4903	0.0025	0.0419	0.3767	200.0	1.4903	0.0004	13.7551	0.6374	300.0	
0.85	0.2448	0.7552	0.0	1.49	0.0026	0.0342	0.3275	200.0	1.49	0.0003	11.9461	0.5982	300.0	
0.89	0.2548	0.7452	0.0	1.4898	0.0022	0.0284	0.2882	200.0	1.4898	0.0002	11.0	0.5693	300.0	
0.93	0.2715	0.7285	0.0	1.4895	0.0018	0.0238	0.256	200.0	1.4895	0.0002	10.6392	0.5549	300.0	
0.97	0.2976	0.7024	0.0	1.4894	0.0014	0.0201	0.2301	200.0	1.4894	0.0002	10.3597	0.5556	300.0	
1.01	0.3559	0.6441	0.0	1.4892	0.001	0.0169	0.208	200.0	1.4892	0.0002	10.0926	0.5634	300.0	
1.05	0.4323	0.5677	0.0	1.4891	0.0007	0.0143	0.1894	200.0	1.4891	0.0002	9.385	0.5793	300.0	
1.09	0.4423	0.5577	0.0	1.489	0.0006	0.0121	0.1736	200.0	1.489	0.0002	8.5848	0.5907	300.0	
1.13	0.4536	0.5464	0.0	1.4889	0.0006	0.0104	0.1601	200.0	1.4889	0.0002	7.5481	0.5963	300.0	
1.17	0.4835	0.5165	0.0	1.4888	0.0005	0.0089	0.1481	200.0	1.4888	0.0003	6.5436	0.5909	300.0	
1.21	0.4617	0.5383	0.0	1.4887	0.0005	0.0077	0.1376	200.0	1.4887	0.0003	5.7488	0.5748	300.0	
1.25	0.4903	0.5097	0.0	1.4887	0.0005	0.0067	0.1284	200.0	1.4887	0.0002	5.0861	0.5507	300.0	
1.29	0.5022	0.4978	0.0	1.4886	0.0005	0.0058	0.12	200.0	1.4886	0.0002	4.4383	0.5191	300.0	
1.33	0.4752	0.5248	0.0	1.4886	0.0005	0.0051	0.1126	200.0	1.4886	0.0001	4.0067	0.4875	300.0	
1.37	0.4515	0.5485	0.0	1.4885	0.0006	0.0045	0.1057	200.0	1.4885	0.0002	3.6442	0.4559	300.0	
1.41	0.4138	0.5862	0.0	1.4885	0.0007	0.004	0.0997	200.0	1.4885	0.0002	3.332	0.4256	300.0	
1.45	0.4156	0.5844	0.0	1.4884	0.0007	0.0035	0.0941	200.0	1.4884	0.0001	3.0585	0.3973	300.0	
1.49	0.4312	0.5688	0.0	1.4884	0.0006	0.0031	0.089	200.0	1.4884	0.0001	2.8139	0.3713	300.0	
1.53	0.4222	0.5778	0.0	1.4884	0.0007	0.0028	0.0843	200.0	1.4884	0.0001	2.5914	0.3476	300.0	
1.57	0.4301	0.5699	0.0	1.4883	0.0006	0.0025	0.08	200.0	1.4883	0.0001	2.3886	0.326	300.0	
1.61	0.4061	0.5939	0.0001	1.4883	0.0007	0.0022	0.076	200.0	1.4883	0.0001	2.2028	0.3064	300.0	
1.65	0.3961	0.6038	0.0001	1.4883	0.0008	0.002	0.0724	200.0	1.4883	0.0001	2.0323	0.2887	300.0	
1.69	0.2743	0.7257	0.0	1.4883	0.0013	0.0018	0.069	200.0	1.4883	0.0003	1.8754	0.2726	300.0	
1.73	0.2822	0.7178	0.0	1.4883	0.0012	0.0017	0.0658	200.0	1.4883	0.0002	1.7316	0.258	300.0	
1.77	0.3399	0.66	0.0001	1.4882	0.001	0.0015	0.0628	200.0	1.4882	0.0001	1.5996	0.2446	300.0	
1.81	0.3741	0.6257	0.0003	1.4882	0.0008	0.0014	0.0601	200.0	1.4882	0.0001	1.4782	0.2324	300.0	
1.85	0.3877	0.6119	0.0004	1.4882	0.0008	0.0012	0.0574	200.0	1.4882	0.0001	1.3666	0.2211	300.0	
1.89	0.3563	0.6432	0.0006	1.4882	0.0009	0.0011	0.0551	200.0	1.4882	0.0001	1.2641	0.2108	300.0	
1.93	0.3502	0.6494	0.0005	1.4882	0.001	0.0011	0.0529	200.0	1.4882	0.0001	1.1701	0.2012	300.0	
1.97	0.3692	0.6301	0.0007	1.4882	0.0009	0.001	0.0507	200.0	1.4882	0.0001	1.0838	0.1923	300.0	
2.01	0.3639	0.6354	0.0007	1.4882	0.0009	0.0009	0.0487	200.0	1.4882	0.0001	1.0046	0.1841	300.0	
2.05	0.3471	0.6524	0.0005	1.4882	0.001	0.0008	0.0469	200.0	1.4882	0.0001	0.9319	0.1765	300.0	
2.09	0.3371	0.6626	0.0004	1.4882	0.001	0.0008	0.0451	200.0	1.4882	0.0001	0.8653	0.1693	300.0	
2.13	0.3008	0.6991	0.0002	1.4881	0.0012	0.0007	0.0434	200.0	1.4881	0.0002	0.804	0.1626	300.0	
2.17	0.3174	0.6823	0.0003	1.4881	0.0011	0.0006	0.0418	200.0	1.4881	0.0002	0.7478	0.1563	300.0	
2.21	0.2886	0.7112	0.0002	1.4881	0.0013	0.0006	0.0403	200.0	1.4881	0.0002	0.6961	0.1505	300.0	
2.25	0.1122	0.8878	0.0	1.4881	0.0035	0.0006	0.0389	200.0	1.4881	0.0011	0.6481	0.1449	300.0	
2.29	0.079	0.921	0.0	1.4881	0.0048	0.0005	0.0376	200.0	1.4881	0.0017	0.6041	0.1397	300.0	
2.33	0.1161	0.8839	0.0	1.4881	0.0034	0.0005	0.0363	200.0	1.4881	0.0011	0.5642	0.1348	300.0	
2.37	0.1356	0.8644	0.0	1.4881	0.0029	0.0004	0.0351	200.0	1.4881	0.0009	0.5272	0.1302	300.0	
2.41	0.1209	0.8791	0.0	1.4881	0.0033	0.0004	0.034	200.0	1.4881	0.0011	0.493	0.1258	300.0	
2.45	0.1084	0.8916	0.0	1.4881	0.0036	0.0004	0.0329	200.0	1.4881	0.0012	0.4614	0.1216	300.0	
2.49	0.1588	0.8412	0.0	1.4881	0.0025	0.0004	0.0318	200.0	1.4881	0.0008	0.4324	0.1177	300.0	
2.5	0.1753	0.8247	0.0	1.4881	0.0022	0.0004	0.0316	200.0	1.4881	0.0007	0.4255	0.1167	300.0	

Input file:
mc
output:out2
particle1:fe2o3.txt
particle2:tio2.txt
matrix1:acr.txt
solar:am15.txt
photons:50000
start:0.25
end:2.5
interval:0.04

sim3
layer1
matrix1
t:200
particle1
d:0.2
vf:0.5
layer2
matrix1
t:300
particle2
d:0.4
vf:60
