Sim 1

Solar R: 0.4646
Solar A: 0.5354
Solar T: 0.0

WL	R	A	T	n(1)	mu_a(1)	mu_s(1)	g(1)	t(1)	n(2)	mu_a(2)	mu_s(2)	g(2)	t(2)
0.25	0.055	0.945	0.0	1.555	0.235	0.0639	0.1764	50.0	1.555	4.2217	4.7957	0.8407	300.0	
0.29	0.0517	0.9483	0.0	1.5318	0.206	0.0467	0.1299	50.0	1.5318	4.2022	5.1737	0.7946	300.0	
0.33	0.049	0.951	0.0	1.5182	0.166	0.0306	0.1027	50.0	1.5182	4.158	5.2067	0.766	300.0	
0.37	0.0468	0.9532	0.0	1.5098	0.1547	0.0222	0.0787	50.0	1.5098	3.7445	7.0966	0.77	300.0	
0.41	0.0465	0.9535	0.0	1.5042	0.1257	0.019	0.0709	50.0	1.5042	0.6985	8.6459	0.6907	300.0	
0.45	0.0466	0.9534	0.0	1.5004	0.0814	0.0129	0.0689	50.0	1.5004	0.2345	5.8568	0.2666	300.0	
0.49	0.0472	0.9528	0.0	1.4977	0.0515	0.0085	0.0624	50.0	1.4977	0.0006	9.2065	0.3573	300.0	
0.53	0.0515	0.9485	0.0	1.4957	0.0356	0.0057	0.0537	50.0	1.4957	0.0007	12.139	0.3872	300.0	
0.57	0.0839	0.9161	0.0	1.4943	0.0197	0.0043	0.0486	50.0	1.4943	0.0005	14.6152	0.6075	300.0	
0.61	0.2635	0.7365	0.0	1.4932	0.0061	0.0028	0.0404	50.0	1.4932	0.0006	18.1431	0.6052	300.0	
0.65	0.421	0.579	0.0	1.4923	0.003	0.0019	0.0338	50.0	1.4923	0.0004	15.1746	0.5811	300.0	
0.69	0.5511	0.4489	0.0	1.4916	0.0017	0.0014	0.0291	50.0	1.4916	0.0004	15.4295	0.6309	300.0	
0.73	0.6335	0.3665	0.0	1.4911	0.0012	0.001	0.0255	50.0	1.4911	0.0004	16.5924	0.6666	300.0	
0.77	0.6766	0.3234	0.0	1.4907	0.0009	0.0008	0.0226	50.0	1.4907	0.0004	16.2251	0.6667	300.0	
0.81	0.667	0.333	0.0	1.4903	0.001	0.0006	0.0201	50.0	1.4903	0.0004	13.7551	0.6374	300.0	
0.85	0.6411	0.3589	0.0	1.49	0.0012	0.0005	0.0182	50.0	1.49	0.0003	11.9461	0.5982	300.0	
0.89	0.6562	0.3438	0.0	1.4898	0.0011	0.0004	0.0165	50.0	1.4898	0.0002	11.0	0.5693	300.0	
0.93	0.6889	0.3111	0.0	1.4895	0.0009	0.0003	0.015	50.0	1.4895	0.0002	10.6392	0.5549	300.0	
0.97	0.7248	0.2752	0.0	1.4894	0.0008	0.0003	0.0138	50.0	1.4894	0.0002	10.3597	0.5556	300.0	
1.01	0.7725	0.2275	0.0	1.4892	0.0006	0.0002	0.0127	50.0	1.4892	0.0002	10.0926	0.5634	300.0	
1.05	0.8133	0.1867	0.0	1.4891	0.0004	0.0002	0.0117	50.0	1.4891	0.0002	9.385	0.5793	300.0	
1.09	0.8179	0.1821	0.0	1.489	0.0004	0.0002	0.0108	50.0	1.489	0.0002	8.5848	0.5907	300.0	
1.13	0.8203	0.1797	0.0	1.4889	0.0004	0.0001	0.01	50.0	1.4889	0.0002	7.5481	0.5963	300.0	
1.17	0.8197	0.1803	0.0	1.4888	0.0003	0.0001	0.0093	50.0	1.4888	0.0003	6.5436	0.5909	300.0	
1.21	0.8056	0.1944	0.0	1.4887	0.0004	0.0001	0.0087	50.0	1.4887	0.0003	5.7488	0.5748	300.0	
1.25	0.8293	0.1707	0.0	1.4887	0.0003	0.0001	0.0081	50.0	1.4887	0.0002	5.0861	0.5507	300.0	
1.29	0.8336	0.1664	0.0	1.4886	0.0003	0.0001	0.0076	50.0	1.4886	0.0002	4.4383	0.5191	300.0	
1.33	0.8187	0.1813	0.0	1.4886	0.0004	0.0001	0.0071	50.0	1.4886	0.0001	4.0067	0.4875	300.0	
1.37	0.7953	0.2047	0.0	1.4885	0.0004	0.0001	0.0067	50.0	1.4885	0.0002	3.6442	0.4559	300.0	
1.41	0.7743	0.2257	0.0	1.4885	0.0005	0.0001	0.0063	50.0	1.4885	0.0002	3.332	0.4256	300.0	
1.45	0.7725	0.2275	0.0	1.4884	0.0005	0.0001	0.006	50.0	1.4884	0.0001	3.0585	0.3973	300.0	
1.49	0.7837	0.2162	0.0	1.4884	0.0005	0.0	0.0057	50.0	1.4884	0.0001	2.8139	0.3713	300.0	
1.53	0.7799	0.2201	0.0001	1.4884	0.0005	0.0	0.0054	50.0	1.4884	0.0001	2.5914	0.3476	300.0	
1.57	0.7728	0.2272	0.0	1.4883	0.0005	0.0	0.0051	50.0	1.4883	0.0001	2.3886	0.326	300.0	
1.61	0.7659	0.2339	0.0001	1.4883	0.0006	0.0	0.0048	50.0	1.4883	0.0001	2.2028	0.3064	300.0	
1.65	0.7517	0.2481	0.0002	1.4883	0.0006	0.0	0.0046	50.0	1.4883	0.0001	2.0323	0.2887	300.0	
1.69	0.6243	0.3757	0.0	1.4883	0.0012	0.0	0.0044	50.0	1.4883	0.0003	1.8754	0.2726	300.0	
1.73	0.6354	0.3646	0.0	1.4883	0.0011	0.0	0.0042	50.0	1.4883	0.0002	1.7316	0.258	300.0	
1.77	0.6901	0.3098	0.0001	1.4882	0.0009	0.0	0.004	50.0	1.4882	0.0001	1.5996	0.2446	300.0	
1.81	0.7223	0.2773	0.0004	1.4882	0.0007	0.0	0.0038	50.0	1.4882	0.0001	1.4782	0.2324	300.0	
1.85	0.7356	0.2636	0.0008	1.4882	0.0007	0.0	0.0036	50.0	1.4882	0.0001	1.3666	0.2211	300.0	
1.89	0.7078	0.2912	0.001	1.4882	0.0008	0.0	0.0035	50.0	1.4882	0.0001	1.2641	0.2108	300.0	
1.93	0.694	0.3053	0.0007	1.4882	0.0008	0.0	0.0034	50.0	1.4882	0.0001	1.1701	0.2012	300.0	
1.97	0.7088	0.2899	0.0013	1.4882	0.0008	0.0	0.0032	50.0	1.4882	0.0001	1.0838	0.1923	300.0	
2.01	0.6993	0.2995	0.0012	1.4882	0.0008	0.0	0.0031	50.0	1.4882	0.0001	1.0046	0.1841	300.0	
2.05	0.6732	0.326	0.0008	1.4882	0.0009	0.0	0.003	50.0	1.4882	0.0001	0.9319	0.1765	300.0	
2.09	0.6649	0.3343	0.0007	1.4882	0.0009	0.0	0.0029	50.0	1.4882	0.0001	0.8653	0.1693	300.0	
2.13	0.6201	0.3796	0.0003	1.4881	0.0011	0.0	0.0028	50.0	1.4881	0.0002	0.804	0.1626	300.0	
2.17	0.6423	0.3571	0.0006	1.4881	0.001	0.0	0.0027	50.0	1.4881	0.0002	0.7478	0.1563	300.0	
2.21	0.604	0.3957	0.0003	1.4881	0.0012	0.0	0.0026	50.0	1.4881	0.0002	0.6961	0.1505	300.0	
2.25	0.3535	0.6465	0.0	1.4881	0.0034	0.0	0.0025	50.0	1.4881	0.0011	0.6481	0.1449	300.0	
2.29	0.2831	0.7169	0.0	1.4881	0.0047	0.0	0.0024	50.0	1.4881	0.0017	0.6041	0.1397	300.0	
2.33	0.3506	0.6494	0.0	1.4881	0.0033	0.0	0.0023	50.0	1.4881	0.0011	0.5642	0.1348	300.0	
2.37	0.3832	0.6168	0.0	1.4881	0.0029	0.0	0.0022	50.0	1.4881	0.0009	0.5272	0.1302	300.0	
2.41	0.3589	0.6411	0.0	1.4881	0.0032	0.0	0.0021	50.0	1.4881	0.0011	0.493	0.1258	300.0	
2.45	0.3315	0.6685	0.0	1.4881	0.0036	0.0	0.0021	50.0	1.4881	0.0012	0.4614	0.1216	300.0	
2.49	0.4141	0.5859	0.0	1.4881	0.0024	0.0	0.002	50.0	1.4881	0.0008	0.4324	0.1177	300.0	
2.5	0.4361	0.5639	0.0001	1.4881	0.0022	0.0	0.002	50.0	1.4881	0.0007	0.4255	0.1167	300.0	

Input file:
mc
output:out2
particle1:fe2o3.txt
particle2:tio2.txt
matrix1:acr.txt
solar:am15.txt
photons:50000
start:0.25
end:2.5
interval:0.04

sim1
layer1
matrix1
t:50
particle1
d:0.05
vf:0.5
layer2
matrix1
t:300
particle2
d:0.4
vf:60
