0.250000000000000	1.68620000000000	0
0.253850000000000	1.68490000000000	0
0.257690000000000	1.68360000000000	0
0.261540000000000	1.68230000000000	0
0.265380000000000	1.68120000000000	0
0.269230000000000	1.68010000000000	0
0.273080000000000	1.67900000000000	0
0.276920000000000	1.67800000000000	0
0.280770000000000	1.67700000000000	0
0.284620000000000	1.67610000000000	0
0.288460000000000	1.67530000000000	0
0.292310000000000	1.67440000000000	0
0.296150000000000	1.67360000000000	0
0.300000000000000	1.67280000000000	0
0.303850000000000	1.67210000000000	0
0.307690000000000	1.67140000000000	0
0.311540000000000	1.67070000000000	0
0.315380000000000	1.67010000000000	0
0.319230000000000	1.66940000000000	0
0.323080000000000	1.66880000000000	0
0.326920000000000	1.66830000000000	0
0.330770000000000	1.66770000000000	0
0.334620000000000	1.66720000000000	0
0.338460000000000	1.66670000000000	0
0.342310000000000	1.66620000000000	0
0.346150000000000	1.66570000000000	0
0.350000000000000	1.66520000000000	0
0.353850000000000	1.66480000000000	0
0.357690000000000	1.66440000000000	0
0.361540000000000	1.66400000000000	0
0.365380000000000	1.66350000000000	0
0.369230000000000	1.66320000000000	0
0.373080000000000	1.66280000000000	0
0.376920000000000	1.66240000000000	0
0.380770000000000	1.66210000000000	0
0.384620000000000	1.66170000000000	0
0.388460000000000	1.66140000000000	0
0.392310000000000	1.66110000000000	0
0.396150000000000	1.66080000000000	0
0.400000000000000	1.66050000000000	0
0.405000000000000	1.66010000000000	0
0.415930000000000	1.65930000000000	0
0.426860000000000	1.65860000000000	0
0.437800000000000	1.65800000000000	0
0.448730000000000	1.65740000000000	0
0.459660000000000	1.65680000000000	0
0.470590000000000	1.65630000000000	0
0.481530000000000	1.65580000000000	0
0.492460000000000	1.65540000000000	0
0.503390000000000	1.65500000000000	0
0.514320000000000	1.65460000000000	0
0.525250000000000	1.65420000000000	0
0.536190000000000	1.65390000000000	0
0.547120000000000	1.65350000000000	0
0.558050000000000	1.65320000000000	0
0.568980000000000	1.65290000000000	0
0.579920000000000	1.65270000000000	0
0.590850000000000	1.65240000000000	0
0.601780000000000	1.65220000000000	0
0.612710000000000	1.65200000000000	0
0.623640000000000	1.65170000000000	0
0.634580000000000	1.65150000000000	0
0.645510000000000	1.65130000000000	0
0.656440000000000	1.65120000000000	0
0.667370000000000	1.65100000000000	0
0.678310000000000	1.65080000000000	0
0.689240000000000	1.65070000000000	0
0.700170000000000	1.65050000000000	0
0.711100000000000	1.65040000000000	0
0.722030000000000	1.65020000000000	0
0.732970000000000	1.65010000000000	0
0.743900000000000	1.65000000000000	0
0.754830000000000	1.64990000000000	0
0.765760000000000	1.64980000000000	0
0.776690000000000	1.64960000000000	0
0.787630000000000	1.64950000000000	0
0.798560000000000	1.64940000000000	0
0.809490000000000	1.64930000000000	0
0.820420000000000	1.64920000000000	0
0.831360000000000	1.64920000000000	0
0.842290000000000	1.64910000000000	0
0.853220000000000	1.64900000000000	0
0.864150000000000	1.64890000000000	0
0.875080000000000	1.64880000000000	0
0.886020000000000	1.64880000000000	0
0.896950000000000	1.64870000000000	0
0.907880000000000	1.64860000000000	0
0.918810000000000	1.64860000000000	0
0.929750000000000	1.64850000000000	0
0.940680000000000	1.64840000000000	0
0.951610000000000	1.64840000000000	0
0.962540000000000	1.64830000000000	0
0.973470000000000	1.64830000000000	0
0.984410000000000	1.64820000000000	0
0.995340000000000	1.64820000000000	0
1.00630000000000	1.64810000000000	0
1.01720000000000	1.64810000000000	0
1.02810000000000	1.64800000000000	0
1.03910000000000	1.64800000000000	0
1.05000000000000	1.64790000000000	0
1.06000000000000	1.64790000000000	0
1.07130000000000	1.64790000000000	0
1.08260000000000	1.64780000000000	0
1.09380000000000	1.64780000000000	0
1.10510000000000	1.64770000000000	0
1.11640000000000	1.64770000000000	0
1.12770000000000	1.64770000000000	0
1.13900000000000	1.64760000000000	0
1.15030000000000	1.64760000000000	0
1.16150000000000	1.64750000000000	0
1.17280000000000	1.64750000000000	0
1.18410000000000	1.64750000000000	0
1.19540000000000	1.64750000000000	0
1.20670000000000	1.64740000000000	0
1.21790000000000	1.64740000000000	0
1.22920000000000	1.64740000000000	0
1.24050000000000	1.64740000000000	0
1.25180000000000	1.64730000000000	0
1.26310000000000	1.64730000000000	0
1.27440000000000	1.64730000000000	0
1.28560000000000	1.64730000000000	0
1.29690000000000	1.64720000000000	0
1.30820000000000	1.64720000000000	0
1.31950000000000	1.64720000000000	0
1.33080000000000	1.64720000000000	0
1.34210000000000	1.64710000000000	0
1.35330000000000	1.64710000000000	0
1.36460000000000	1.64710000000000	0
1.37590000000000	1.64710000000000	0
1.38720000000000	1.64710000000000	0
1.39850000000000	1.64700000000000	0
1.40970000000000	1.64700000000000	0
1.42100000000000	1.64700000000000	0
1.43230000000000	1.64700000000000	0
1.44360000000000	1.64700000000000	0
1.45490000000000	1.64700000000000	0
1.46620000000000	1.64690000000000	0
1.47740000000000	1.64690000000000	0
1.48870000000000	1.64690000000000	0
1.50000000000000	1.64690000000000	0
1.51000000000000	1.64690000000000	0
1.51620000000000	1.64690000000000	0
1.52250000000000	1.64690000000000	0
1.52870000000000	1.64690000000000	0
1.53490000000000	1.64680000000000	0
1.54110000000000	1.64680000000000	0
1.54740000000000	1.64680000000000	0
1.55360000000000	1.64680000000000	0
1.55980000000000	1.64680000000000	0
1.56600000000000	1.64680000000000	0
1.57230000000000	1.64680000000000	0
1.57850000000000	1.64680000000000	0
1.58470000000000	1.64680000000000	0
1.59090000000000	1.64680000000000	0
1.59720000000000	1.64680000000000	0
1.60340000000000	1.64680000000000	0
1.60960000000000	1.64680000000000	0
1.61580000000000	1.64670000000000	0
1.62210000000000	1.64670000000000	0
1.62830000000000	1.64670000000000	0
1.63450000000000	1.64670000000000	0
1.64080000000000	1.64670000000000	0
1.64700000000000	1.64670000000000	0
1.65320000000000	1.64670000000000	0
1.65940000000000	1.64670000000000	0
1.66570000000000	1.64670000000000	0
1.67190000000000	1.64670000000000	0
1.67810000000000	1.64670000000000	0
1.68430000000000	1.64670000000000	0
1.69060000000000	1.64670000000000	0
1.69680000000000	1.64670000000000	0
1.70300000000000	1.64670000000000	0
1.70920000000000	1.64670000000000	0
1.71550000000000	1.64670000000000	0
1.72170000000000	1.64670000000000	0
1.72790000000000	1.64670000000000	0
1.73420000000000	1.64670000000000	0
1.74040000000000	1.64670000000000	0
1.74660000000000	1.64670000000000	0
1.75280000000000	1.64670000000000	0
1.75910000000000	1.64670000000000	0
1.76530000000000	1.64670000000000	0
1.77150000000000	1.64670000000000	0
1.77770000000000	1.64670000000000	0
1.78400000000000	1.64670000000000	0
1.79020000000000	1.64670000000000	0
1.79640000000000	1.64670000000000	0
1.80260000000000	1.64670000000000	0
1.80890000000000	1.64670000000000	0
1.81510000000000	1.64670000000000	0
1.82130000000000	1.64670000000000	0
1.82750000000000	1.64670000000000	0
1.83380000000000	1.64670000000000	0
1.84000000000000	1.64670000000000	0
1.84620000000000	1.64670000000000	0
1.85250000000000	1.64670000000000	0
1.85870000000000	1.64670000000000	0
1.86490000000000	1.64670000000000	0
1.87110000000000	1.64670000000000	0
1.87740000000000	1.64670000000000	0
1.88360000000000	1.64670000000000	0
1.88980000000000	1.64670000000000	0
1.89600000000000	1.64670000000000	0
1.90230000000000	1.64670000000000	0
1.90850000000000	1.64670000000000	0
1.91470000000000	1.64670000000000	0
1.92090000000000	1.64670000000000	0
1.92720000000000	1.64670000000000	0
1.93340000000000	1.64670000000000	0
1.93960000000000	1.64670000000000	0
1.94580000000000	1.64670000000000	0
1.95210000000000	1.64670000000000	0
1.95830000000000	1.64670000000000	0
1.96450000000000	1.64670000000000	0
1.97080000000000	1.64670000000000	0
1.97700000000000	1.64670000000000	0
1.98320000000000	1.64670000000000	0
1.98940000000000	1.64670000000000	0
1.99570000000000	1.64670000000000	0
2.00190000000000	1.64670000000000	0
2.00810000000000	1.64670000000000	0
2.01430000000000	1.64670000000000	0
2.02060000000000	1.64670000000000	0
2.02680000000000	1.64670000000000	0
2.03300000000000	1.64670000000000	0
2.03920000000000	1.64670000000000	0
2.04550000000000	1.64670000000000	0
2.05170000000000	1.64670000000000	0
2.05790000000000	1.64670000000000	0
2.06420000000000	1.64670000000000	0
2.07040000000000	1.64670000000000	0
2.07660000000000	1.64670000000000	0
2.08280000000000	1.64670000000000	0
2.08910000000000	1.64670000000000	0
2.09530000000000	1.64670000000000	0
2.10150000000000	1.64670000000000	0
2.10770000000000	1.64670000000000	0
2.11400000000000	1.64670000000000	0
2.12020000000000	1.64670000000000	0
2.12640000000000	1.64670000000000	0
2.13260000000000	1.64670000000000	0
2.13890000000000	1.64670000000000	0
2.14510000000000	1.64670000000000	0
2.15130000000000	1.64670000000000	0
2.15750000000000	1.64670000000000	0
2.16380000000000	1.64670000000000	0
2.17000000000000	1.64670000000000	0
2.17620000000000	1.64670000000000	0
2.18250000000000	1.64670000000000	0
2.18870000000000	1.64670000000000	0
2.19490000000000	1.64670000000000	0
2.20110000000000	1.64670000000000	0
2.20740000000000	1.64670000000000	0
2.21360000000000	1.64670000000000	0
2.21980000000000	1.64670000000000	0
2.22600000000000	1.64670000000000	0
2.23230000000000	1.64670000000000	0
2.23850000000000	1.64670000000000	0
2.24470000000000	1.64670000000000	0
2.25090000000000	1.64670000000000	0
2.25720000000000	1.64670000000000	0
2.26340000000000	1.64670000000000	0
2.26960000000000	1.64670000000000	0
2.27580000000000	1.64670000000000	0
2.28210000000000	1.64670000000000	0
2.28830000000000	1.64670000000000	0
2.29450000000000	1.64670000000000	0
2.30080000000000	1.64670000000000	0
2.30700000000000	1.64670000000000	0
2.31320000000000	1.64670000000000	0
2.31940000000000	1.64670000000000	0
2.32570000000000	1.64670000000000	0
2.33190000000000	1.64670000000000	0
2.33810000000000	1.64670000000000	0
2.34430000000000	1.64670000000000	0
2.35060000000000	1.64670000000000	0
2.35680000000000	1.64670000000000	0
2.36300000000000	1.64670000000000	0
2.36920000000000	1.64670000000000	0
2.37550000000000	1.64670000000000	0
2.38170000000000	1.64670000000000	0
2.38790000000000	1.64670000000000	0
2.39420000000000	1.64670000000000	0
2.40040000000000	1.64670000000000	0
2.40660000000000	1.64670000000000	0
2.41280000000000	1.64670000000000	0
2.41910000000000	1.64670000000000	0
2.42530000000000	1.64670000000000	0
2.43150000000000	1.64670000000000	0
2.43770000000000	1.64670000000000	0
2.44400000000000	1.64670000000000	0
2.45020000000000	1.64670000000000	0
2.45640000000000	1.64670000000000	0
2.46260000000000	1.64670000000000	0
2.46890000000000	1.64670000000000	0
2.47510000000000	1.64670000000000	0
2.48130000000000	1.64670000000000	0
2.48750000000000	1.64670000000000	0
2.49380000000000	1.64670000000000	0
2.50000000000000	1.64670000000000	0