0.20019	1.48306	0
0.20083	1.48221	0
0.20148	1.48136	0
0.20214	1.48052	0
0.2028	1.47968	0
0.20347	1.47884	0
0.20414	1.47802	0
0.20481	1.47719	0
0.20549	1.47638	0
0.20617	1.47558	0
0.20686	1.47478	0
0.20755	1.47399	0
0.20824	1.47321	0
0.20895	1.47243	0
0.20965	1.47166	0
0.21036	1.47089	0
0.21108	1.47012	0
0.2118	1.46938	0
0.21253	1.46862	0
0.21326	1.46789	0
0.21399	1.46715	0
0.21473	1.46643	0
0.21548	1.46569	0
0.21623	1.465	0
0.21698	1.46427	0
0.21775	1.46356	0
0.21851	1.46286	0
0.21928	1.46217	0
0.22006	1.46148	0
0.22085	1.4608	0
0.22163	1.46011	0
0.22243	1.45944	0
0.22323	1.45877	0
0.22404	1.45811	0
0.22485	1.45745	0
0.22566	1.45679	0
0.22649	1.45613	0
0.22731	1.4555	0
0.22815	1.45486	0
0.22899	1.45424	0
0.22984	1.45361	0
0.2307	1.45297	0
0.23156	1.45235	0
0.23243	1.45175	0
0.2333	1.45114	0
0.23418	1.45054	0
0.23506	1.44993	0
0.23596	1.44934	0
0.23686	1.44876	0
0.23777	1.44815	0
0.23868	1.44757	0
0.2396	1.44699	0
0.24053	1.44642	0
0.24147	1.44587	0
0.24241	1.44528	0
0.24336	1.44474	0
0.24432	1.44418	0
0.24528	1.44362	0
0.24626	1.44308	0
0.24724	1.44254	0
0.24823	1.442	0
0.24923	1.44146	0
0.25023	1.44092	0
0.25125	1.44039	0
0.25227	1.43988	0
0.2533	1.43935	0
0.25433	1.43884	0
0.25538	1.43832	0
0.25644	1.43782	0
0.2575	1.43732	0
0.25857	1.43682	0
0.25965	1.43632	0
0.26074	1.43582	0
0.26185	1.43534	0
0.26296	1.43486	0
0.26407	1.43437	0
0.2652	1.43389	0
0.26634	1.43342	0
0.26749	1.43294	0
0.26865	1.43247	0
0.26981	1.43201	0
0.27099	1.43155	0
0.27218	1.43109	0
0.27338	1.43064	0
0.27459	1.43019	0
0.27581	1.42974	0
0.27704	1.4293	0
0.27828	1.42886	0
0.27954	1.42841	0
0.2808	1.42798	0
0.28208	1.42754	0
0.28337	1.42712	0
0.28466	1.4267	0
0.28598	1.42628	0
0.2873	1.42586	0
0.28864	1.42544	0
0.28999	1.42504	0
0.29135	1.42463	0
0.29273	1.42422	0
0.29411	1.42381	0
0.29551	1.42341	0
0.29692	1.42303	0
0.29835	1.42262	0
0.2998	1.42222	0
0.30125	1.42185	0
0.30272	1.42147	0
0.3042	1.42109	0
0.3057	1.42071	0
0.30722	1.42033	0
0.30874	1.41994	0
0.31029	1.41956	0
0.31184	1.41921	0
0.31342	1.41885	0
0.31502	1.41848	0
0.31662	1.41813	0
0.31824	1.41776	0
0.31988	1.41741	0
0.32154	1.41706	0
0.32322	1.41672	0
0.32491	1.41635	0
0.32662	1.41601	0
0.32834	1.41567	0
0.33009	1.41533	0
0.33186	1.41499	0
0.33364	1.41467	0
0.33545	1.41434	0
0.33727	1.414	0
0.33911	1.41369	0
0.34098	1.41337	0
0.34286	1.41304	0
0.34476	1.41271	0
0.34669	1.41242	0
0.34863	1.41209	0
0.35061	1.41178	0
0.3526	1.41148	0
0.35461	1.41117	0
0.35665	1.41086	0
0.35871	1.41056	0
0.3608	1.41026	0
0.36291	1.40997	0
0.36504	1.40968	0
0.3672	1.40938	0
0.36938	1.4091	0
0.37161	1.4088	0
0.37384	1.40852	0
0.37611	1.40823	0
0.3784	1.40795	0
0.38072	1.40768	0
0.38307	1.40741	0
0.38545	1.40713	0
0.38786	1.40686	0
0.3903	1.4066	0
0.39276	1.40631	0
0.39527	1.40606	0
0.39781	1.40579	0
0.40037	1.40553	0
0.40297	1.40528	0
0.4056	1.40502	0
0.40828	1.40477	0
0.41098	1.40451	0
0.41372	1.40427	0
0.41649	1.40402	0
0.4193	1.40378	0
0.42216	1.40353	0
0.42505	1.4033	0
0.42798	1.40306	0
0.43095	1.40281	0
0.43396	1.40259	0
0.43703	1.40234	0
0.44013	1.40211	0
0.44327	1.40188	0
0.44645	1.40166	0
0.44968	1.40143	0
0.45298	1.40122	0
0.45631	1.40098	0
0.45968	1.40077	0
0.46311	1.40062	0
0.46659	1.40047	0
0.47014	1.40031	0
0.47372	1.40015	0
0.47736	1.39999	0
0.48106	1.39983	0
0.48482	1.39966	0
0.48865	1.3995	0
0.49252	1.39932	0
0.49646	1.39915	0
0.50046	1.39898	0
0.50452	1.3988	0
0.50868	1.39861	0
0.51287	1.39843	0
0.51714	1.39824	0
0.52149	1.39805	0
0.5259	1.39786	0
0.53041	1.39766	0
0.53498	1.39746	0
0.53963	1.39725	0
0.54436	1.39704	0
0.54917	1.39683	0
0.55409	1.39661	0
0.55908	1.39639	0
0.56416	1.39617	0
0.56933	1.39594	0
0.57459	1.39571	0
0.57999	1.39547	0
0.58545	1.39523	0
0.59102	1.39506	0
0.5967	1.39492	0
0.60249	1.39476	0
0.60842	1.39459	0
0.61444	1.39445	0
0.62057	1.39429	0
0.62684	1.39411	0
0.63323	1.39399	0
0.63978	1.39383	0
0.64644	1.39368	0
0.65324	1.39353	0
0.66018	1.39338	0
0.66727	1.39324	0
0.67455	1.3931	0
0.68196	1.39297	0
0.68953	1.39282	0
0.69727	1.39269	0
0.70518	1.39255	0
0.71332	1.39242	0
0.72161	1.39229	0
0.73009	1.39216	0
0.73877	1.39203	0
0.74766	1.39191	0
0.75682	1.39178	0
0.76615	1.39168	0
0.77572	1.39155	0
0.78553	1.39142	0
0.79559	1.39129	0
0.80596	1.39119	0
0.81655	1.39107	0
0.82743	1.39094	0
0.8386	1.39084	0
0.85008	1.39073	0
0.86193	1.39062	0
0.87406	1.39051	0
0.88653	1.39041	0
0.89937	1.39031	0
0.91258	1.39021	0
0.92626	1.39011	0
0.94028	1.39001	0
0.95473	1.38991	0
0.96963	1.3898	0
0.98501	1.38972	0
1.00096	1.38962	1.01E-10
1.01735	1.38953	1.18E-10
1.03429	1.38945	1.39E-10
1.0518	1.38936	1.64E-10
1.06992	1.38927	1.93E-10
1.08876	1.38919	2.29E-10
1.10819	1.3891	2.72E-10
1.12832	1.38901	3.24E-10
1.14919	1.38893	3.88E-10
1.17085	1.38885	4.65E-10
1.19346	1.38877	5.6E-10
1.21683	1.38871	6.77E-10
1.24115	1.38863	8.21E-10
1.26645	1.38855	9.99E-10
1.29281	1.3885	1.22E-9
1.32043	1.38841	1.5E-9
1.3491	1.38834	1.85E-9
1.37905	1.38828	2.29E-9
1.41036	1.38821	2.85E-9
1.44313	1.38815	3.57E-9
1.47763	1.38809	4.49E-9
1.51363	1.38802	5.68E-9
1.55143	1.38798	7.22E-9
1.59117	1.3879	9.23E-9
1.633	1.38785	1.19E-8
1.67732	1.3878	1.54E-8
1.72386	1.38775	2.02E-8
1.77307	1.38769	2.65E-8
1.82516	1.38763	3.51E-8
1.88041	1.38759	4.7E-8
1.93941	1.38754	6.35E-8
2.00191	1.3875	8.65E-8
2.06858	1.38746	1.19E-7
2.13983	1.38741	1.66E-7
2.21618	1.38737	2.33E-7
2.29859	1.38733	3.32E-7
2.38691	1.38729	4.8E-7
2.48229	1.38724	7.03E-7
2.58562	1.38723	1.05E-6
2.69791	1.38719	1.58E-6
2.82104	1.38716	2.45E-6
2.95525	1.38711	3.85E-6
3	1.38711	4.45E-6
3.01	1.38711	4.6E-6
3.02	1.38711	4.75114E-6
3.03	1.38711	4.90666E-6
3.04	1.38711	5.06673E-6
3.05	1.3871	5.23147E-6
3.06	1.3871	5.40101E-6
3.07	1.3871	5.57546E-6
3.08	1.3871	5.75495E-6
3.09	1.3871	5.9396E-6
3.1	1.3871	6.12956E-6
3.11	1.3871	6.32495E-6
3.12	1.3871	6.52591E-6
3.13	1.3871	6.73258E-6
3.14	1.3871	6.9451E-6
3.15	1.3871	7.16363E-6
3.16	1.3871	7.38831E-6
3.17	1.38709	7.61929E-6
3.18	1.38709	7.85673E-6
3.19	1.38709	8.10078E-6
3.2	1.38709	8.35162E-6
3.21	1.38709	8.60941E-6
3.22	1.38709	8.87432E-6
3.23	1.38709	9.14651E-6
3.24	1.38709	9.42618E-6
3.25	1.38709	9.7135E-6
3.26	1.38709	1.00086E-5
3.27	1.38709	1.03118E-5
3.28	1.38709	1.06232E-5
3.29	1.38708	1.0943E-5
3.3	1.38708	1.12714E-5
3.31	1.38708	1.16086E-5
3.32	1.38708	1.19549E-5
3.33	1.38708	1.23104E-5
3.34	1.38708	1.26754E-5
3.35	1.38708	1.305E-5
3.36	1.38708	1.34345E-5
3.37	1.38708	1.38292E-5
3.38	1.38708	1.42342E-5
3.39	1.38708	1.46499E-5
3.4	1.38708	1.50764E-5
3.41	1.38707	1.55141E-5
3.42	1.38707	1.59631E-5
3.43	1.38707	1.64237E-5
3.44	1.38707	1.68962E-5
3.45	1.38707	1.73809E-5
3.46	1.38707	1.7878E-5
3.47	1.38707	1.83879E-5
3.48	1.38707	1.89107E-5
3.49	1.38707	1.94469E-5
3.5	1.38707	1.99966E-5
3.51	1.38707	2.05603E-5
3.52	1.38707	2.11382E-5
3.53	1.38706	2.17306E-5
3.54	1.38706	2.23379E-5
3.55	1.38706	2.29603E-5
3.56	1.38706	2.35983E-5
3.57	1.38706	2.42521E-5
3.58	1.38706	2.49222E-5
3.59	1.38706	2.56088E-5
3.6	1.38706	2.63123E-5
3.61	1.38706	2.70332E-5
3.62	1.38706	2.77717E-5
3.63	1.38706	2.85283E-5
3.64	1.38706	2.93033E-5
3.65	1.38705	3.00971E-5
3.66	1.38705	3.09102E-5
3.67	1.38705	3.1743E-5
3.68	1.38705	3.25958E-5
3.69	1.38705	3.34691E-5
3.7	1.38705	3.43634E-5
3.71	1.38705	3.5279E-5
3.72	1.38705	3.62165E-5
3.73	1.38705	3.71763E-5
3.74	1.38705	3.81589E-5
3.75	1.38705	3.91646E-5
3.76	1.38705	4.01942E-5
3.77	1.38704	4.12479E-5
3.78	1.38704	4.23264E-5
3.79	1.38704	4.343E-5
3.8	1.38704	4.45595E-5
3.81	1.38704	4.57152E-5
3.82	1.38704	4.68978E-5
3.83	1.38704	4.81077E-5
3.84	1.38704	4.93456E-5
3.85	1.38704	5.0612E-5
3.86	1.38704	5.19075E-5
3.87	1.38704	5.32326E-5
3.88	1.38704	5.45881E-5
3.89	1.38703	5.59744E-5
3.9	1.38703	5.73922E-5
3.91	1.38703	5.88422E-5
3.92	1.38703	6.0325E-5
3.93	1.38703	6.18412E-5
3.94	1.38703	6.33915E-5
3.95	1.38703	6.49766E-5
3.96	1.38703	6.65972E-5
3.97	1.38703	6.8254E-5
3.98	1.38703	6.99477E-5
3.99	1.38703	7.16789E-5
4	1.38703	7.34486E-5
4.01	1.38702	7.52573E-5
4.02	1.38702	7.71059E-5
4.03	1.38702	7.89952E-5
4.04	1.38702	8.09259E-5
4.05	1.38702	8.28988E-5
4.06	1.38702	8.49148E-5
4.07	1.38702	8.69746E-5
4.08	1.38702	8.90792E-5
4.09	1.38702	9.12294E-5
4.1	1.38702	9.3426E-5
4.11	1.38702	9.567E-5
4.12	1.38702	9.79623E-5
4.13	1.38701	1.00304E-4
4.14	1.38701	1.02695E-4
4.15	1.38701	1.05138E-4
4.16	1.38701	1.07632E-4
4.17	1.38701	1.1018E-4
4.18	1.38701	1.12781E-4
4.19	1.38701	1.15438E-4
4.2	1.38701	1.1815E-4
4.21	1.38701	1.2092E-4
4.22	1.38701	1.23747E-4
4.23	1.38701	1.26634E-4
4.24	1.38701	1.29582E-4
4.25	1.387	1.3259E-4
4.26	1.387	1.35661E-4
4.27	1.387	1.38796E-4
4.28	1.387	1.41996E-4
4.29	1.387	1.45261E-4
4.3	1.387	1.48594E-4
4.31	1.387	1.51996E-4
4.32	1.387	1.55467E-4
4.33	1.387	1.59009E-4
4.34	1.387	1.62623E-4
4.35	1.387	1.66311E-4
4.36	1.387	1.70074E-4
4.37	1.387	1.73912E-4
4.38	1.38699	1.77829E-4
4.39	1.38699	1.81824E-4
4.4	1.38699	1.859E-4
4.41	1.38699	1.90058E-4
4.42	1.38699	1.94299E-4
4.43	1.38699	1.98624E-4
4.44	1.38699	2.03036E-4
4.45	1.38699	2.07536E-4
4.46	1.38699	2.12125E-4
4.47	1.38699	2.16804E-4
4.48	1.38699	2.21577E-4
4.49	1.38699	2.26443E-4
4.5	1.38698	2.31405E-4
4.51	1.38698	2.36464E-4
4.52	1.38698	2.41622E-4
4.53	1.38698	2.46881E-4
4.54	1.38698	2.52243E-4
4.55	1.38698	2.57708E-4
4.56	1.38698	2.6328E-4
4.57	1.38698	2.6896E-4
4.58	1.38698	2.74749E-4
4.59	1.38698	2.8065E-4
4.6	1.38698	2.86664E-4
4.61	1.38698	2.92794E-4
4.62	1.38697	2.99041E-4
4.63	1.38697	3.05408E-4
4.64	1.38697	3.11896E-4
4.65	1.38697	3.18507E-4
4.66	1.38697	3.25244E-4
4.67	1.38697	3.32108E-4
4.68	1.38697	3.39102E-4
4.69	1.38697	3.46228E-4
4.7	1.38697	3.53489E-4
4.71	1.38697	3.60885E-4
4.72	1.38697	3.6842E-4
4.73	1.38697	3.76096E-4
4.74	1.38696	3.83915E-4
4.75	1.38696	3.9188E-4
4.76	1.38696	3.99992E-4
4.77	1.38696	4.08255E-4
4.78	1.38696	4.16671E-4
4.79	1.38696	4.25242E-4
4.8	1.38696	4.33971E-4
4.81	1.38696	4.42861E-4
4.82	1.38696	4.51913E-4
4.83	1.38696	4.61132E-4
4.84	1.38696	4.70518E-4
4.85	1.38696	4.80076E-4
4.86	1.38695	4.89808E-4
4.87	1.38695	4.99716E-4
4.88	1.38695	5.09804E-4
4.89	1.38695	5.20074E-4
4.9	1.38695	5.3053E-4
4.91	1.38695	5.41173E-4
4.92	1.38695	5.52008E-4
4.93	1.38695	5.63038E-4
4.94	1.38695	5.74264E-4
4.95	1.38695	5.85691E-4
4.96	1.38695	5.97322E-4
4.97	1.38695	6.09159E-4
4.98	1.38694	6.21207E-4
4.99	1.38694	6.33468E-4
5	1.38694	6.45945E-4
5.01	1.38694	6.58643E-4
5.02	1.38694	6.71564E-4
5.03	1.38694	6.84713E-4
5.04	1.38694	6.98091E-4
5.05	1.38694	7.12E-4
5.06	1.38694	7.25555E-4
5.07	1.38694	7.39647E-4
5.08	1.38694	7.53984E-4
5.09	1.38694	7.68571E-4
5.1	1.38693	7.83409E-4
5.11	1.38693	7.98505E-4
5.12	1.38693	8.13861E-4
5.13	1.38693	8.29481E-4
5.14	1.38693	8.4537E-4
5.15	1.38693	8.61532E-4
5.16	1.38693	8.7797E-4
5.17	1.38693	8.94689E-4
5.18	1.38693	9.11693E-4
5.19	1.38693	9.28987E-4
5.2	1.38693	9.46574E-4
5.21	1.38693	9.6446E-4
5.22	1.38692	9.82648E-4
5.23	1.38692	0.001
5.24	1.38692	0.00102
5.25	1.38692	0.00104
5.26	1.38692	0.00106
5.27	1.38692	0.00108
5.28	1.38692	0.0011
5.29	1.38692	0.00112
5.3	1.38692	0.00114
5.31	1.38692	0.00116
5.32	1.38692	0.00118
5.33	1.38692	0.0012
5.34	1.38691	0.00123
5.35	1.38691	0.00125
5.36	1.38691	0.00127
5.37	1.38691	0.0013
5.38	1.38691	0.00132
5.39	1.38691	0.00134
5.4	1.38691	0.00137
5.41	1.38691	0.00139
5.42	1.38691	0.00142
5.43	1.38691	0.00144
5.44	1.38691	0.00147
5.45	1.38691	0.0015
5.46	1.3867	0.00152
5.47	1.3863	0.00155
5.48	1.38586	0.00158
5.49	1.38522	0.00161
5.5	1.38437	0.00163
5.51	1.38351	0.00166
5.52	1.38265	0.00169
5.53	1.38178	0.00172
5.54	1.38091	0.00175
5.55	1.38004	0.00179
5.56	1.37915	0.00182
5.57	1.37827	0.00185
5.58	1.37738	0.00188
5.59	1.37648	0.00192
5.6	1.37558	0.00195
5.61	1.37467	0.00198
5.62	1.37376	0.00202
5.63	1.37284	0.00205
5.64	1.37192	0.00209
5.65	1.37099	0.00212
5.66	1.37005	0.00216
5.67	1.36911	0.0022
5.68	1.36817	0.00224
5.69	1.36722	0.00228
5.7	1.36626	0.00232
5.71	1.3653	0.00236
5.72	1.36433	0.0024
5.73	1.36335	0.00244
5.74	1.36237	0.00248
5.75	1.36139	0.00252
5.76	1.36039	0.00256
5.77	1.3594	0.00261
5.78	1.35839	0.00265
5.79	1.35738	0.0027
5.8	1.35636	0.00274
5.81	1.35534	0.00279
5.82	1.35431	0.00284
5.83	1.35327	0.00288
5.84	1.35223	0.00293
5.85	1.35118	0.00298
5.86	1.35012	0.00303
5.87	1.34906	0.00308
5.88	1.34799	0.00313
5.89	1.34691	0.00319
5.9	1.34583	0.00324
5.91	1.34474	0.00329
5.92	1.34364	0.00335
5.93	1.34254	0.0034
5.94	1.34142	0.00346
5.95	1.3403	0.00352
5.96	1.33918	0.00358
5.97	1.33804	0.00363
5.98	1.3369	0.00369
5.99	1.33575	0.00376
6	1.3346	0.00382
6.01	1.33343	0.00388
6.02	1.33226	0.00394
6.03	1.33108	0.00401
6.04	1.3299	0.00407
6.05	1.3287	0.00414
6.06	1.3275	0.00421
6.07	1.32629	0.00427
6.08	1.32507	0.00434
6.09	1.32384	0.00441
6.1	1.3226	0.00448
6.11	1.32136	0.00456
6.12	1.3201	0.00463
6.13	1.31884	0.0047
6.14	1.31757	0.00478
6.15	1.31629	0.00485
6.16	1.315	0.00493
6.17	1.3137	0.00501
6.18	1.3124	0.00509
6.19	1.31108	0.00517
6.2	1.30975	0.00525
6.21	1.30842	0.00534
6.22	1.30708	0.00542
6.23	1.30572	0.00551
6.24	1.30436	0.00559
6.25	1.30298	0.00568
6.26	1.3016	0.00577
6.27	1.30021	0.00586
6.28	1.2988	0.00595
6.29	1.29739	0.00605
6.3	1.29597	0.00614
6.31	1.29453	0.00623
6.32	1.29309	0.00633
6.33	1.29163	0.00643
6.34	1.29016	0.00653
6.35	1.28868	0.00663
6.36	1.28719	0.00673
6.37	1.28569	0.00684
6.38	1.28418	0.00694
6.39	1.28266	0.00705
6.4	1.28112	0.00716
6.41	1.27958	0.00727
6.42	1.27802	0.00738
6.43	1.27645	0.00749
6.44	1.27487	0.00761
6.45	1.27327	0.00772
6.46	1.27166	0.00784
6.47	1.27004	0.00796
6.48	1.26841	0.00808
6.49	1.26676	0.0082
6.5	1.2651	0.00832
6.51	1.26343	0.00845
6.52	1.26174	0.00858
6.53	1.26004	0.00871
6.54	1.25833	0.00884
6.55	1.2566	0.00897
6.56	1.25486	0.0091
6.57	1.25311	0.00924
6.58	1.25133	0.00938
6.59	1.24955	0.00952
6.6	1.24775	0.00966
6.61	1.24593	0.0098
6.62	1.2441	0.00995
6.63	1.24226	0.0101
6.64	1.2404	0.01025
6.65	1.23852	0.0104
6.66	1.23663	0.01055
6.67	1.23472	0.01071
6.68	1.23279	0.01086
6.69	1.23085	0.01102
6.7	1.22889	0.01118
6.71	1.22691	0.01135
6.72	1.22491	0.01151
6.73	1.2229	0.01168
6.74	1.22087	0.01185
6.75	1.21882	0.01202
6.76	1.21675	0.0122
6.77	1.21467	0.01238
6.78	1.21256	0.01256
6.79	1.21044	0.01274
6.8	1.2083	0.01292
6.81	1.20613	0.01311
6.82	1.20395	0.0133
6.83	1.20174	0.01349
6.84	1.19952	0.01368
6.85	1.19727	0.01388
6.86	1.19501	0.01408
6.87	1.19272	0.01428
6.88	1.19041	0.01448
6.89	1.18807	0.01469
6.9	1.18572	0.0149
6.91	1.18334	0.01511
6.92	1.18094	0.01532
6.93	1.17851	0.01554
6.94	1.17606	0.01576
6.95	1.17359	0.01598
6.96	1.17109	0.01621
6.97	1.16856	0.01644
6.98	1.16601	0.01667
6.99	1.16343	0.0169
7	1.16083	0.01714
7.01	1.1582	0.0173
7.02	1.15554	0.01747
7.03	1.15286	0.01764
7.04	1.15014	0.01781
7.05	1.1474	0.01798
7.06	1.14463	0.01816
7.07	1.14183	0.01834
7.08	1.139	0.01853
7.09	1.13613	0.01871
7.1	1.13324	0.0189
7.11	1.13031	0.01909
7.12	1.12735	0.01929
7.13	1.12436	0.01949
7.14	1.12134	0.01969
7.15	1.11828	0.0199
7.16	1.11518	0.02011
7.17	1.11205	0.02032
7.18	1.10888	0.02054
7.19	1.10568	0.02076
7.2	1.10244	0.02099
7.21	1.09916	0.02122
7.22	1.09584	0.02145
7.23	1.09248	0.02169
7.24	1.08908	0.02194
7.25	1.08564	0.02218
7.26	1.08215	0.02244
7.27	1.07863	0.02269
7.28	1.07505	0.02296
7.29	1.07144	0.02323
7.3	1.06778	0.0235
7.31	1.06407	0.02378
7.32	1.06031	0.02406
7.33	1.05651	0.02435
7.34	1.05265	0.02465
7.35	1.04874	0.02495
7.36	1.04478	0.02526
7.37	1.04077	0.02558
7.38	1.03671	0.0259
7.39	1.03258	0.02623
7.4	1.02841	0.02657
7.41	1.02417	0.02691
7.42	1.01987	0.02726
7.43	1.01551	0.02762
7.44	1.01109	0.02799
7.45	1.00661	0.02837
7.46	1.00206	0.02876
7.47	0.99744	0.02915
7.48	0.99275	0.02956
7.49	0.988	0.02997
7.5	0.98317	0.0304
7.51	0.97826	0.03084
7.52	0.97329	0.03128
7.53	0.96823	0.03174
7.54	0.96309	0.03222
7.55	0.95787	0.0327
7.56	0.95256	0.0332
7.57	0.94717	0.03371
7.58	0.94169	0.03423
7.59	0.93612	0.03477
7.6	0.93045	0.03533
7.61	0.92468	0.0359
7.62	0.91881	0.03649
7.63	0.91284	0.03709
7.64	0.90677	0.03772
7.65	0.90058	0.03836
7.66	0.89428	0.03903
7.67	0.88786	0.03971
7.68	0.88132	0.04042
7.69	0.87466	0.04115
7.7	0.86786	0.04191
7.71	0.86094	0.04269
7.72	0.85387	0.0435
7.73	0.84666	0.04434
7.74	0.8393	0.04522
7.75	0.83179	0.04612
7.76	0.82412	0.04706
7.77	0.81628	0.04803
7.78	0.80827	0.04905
7.79	0.80008	0.0501
7.8	0.7917	0.0512
7.81	0.78313	0.05235
7.82	0.77435	0.05355
7.83	0.76536	0.0548
7.84	0.75614	0.05611
7.85	0.7467	0.05748
7.86	0.73701	0.05893
7.87	0.72706	0.06044
7.88	0.71685	0.06204
7.89	0.70635	0.06372
7.9	0.69555	0.0655
7.91	0.68444	0.06738
7.92	0.673	0.06937
7.93	0.6612	0.07149
7.94	0.64903	0.07375
7.95	0.63646	0.07616
7.96	0.62347	0.07875
7.97	0.61003	0.08152
7.98	0.5961	0.08452
7.99	0.58165	0.08776
8	0.56664	0.09128
8.01	0.55103	0.09513
8.02	0.53477	0.09935
8.03	0.51779	0.10402
8.04	0.50004	0.1092
8.05	0.48144	0.11501
8.06	0.46192	0.12156
8.07	0.44138	0.12904
8.08	0.41975	0.13765
8.09	0.39691	0.1477
8.1	0.37279	0.15958
8.11	0.34736	0.17382
8.12	0.32068	0.19113
8.13	0.29303	0.21238
8.14	0.26501	0.23847
8.15	0.23771	0.27004
8.16	0.21253	0.30685
8.17	0.19063	0.34762
8.18	0.17248	0.39049
8.19	0.15783	0.43382
8.2	0.14609	0.47657
8.21	0.13664	0.51824
8.22	0.12896	0.55866
8.23	0.12264	0.59781
8.24	0.11739	0.63578
8.25	0.11298	0.67268
8.26	0.10925	0.70863
8.27	0.10607	0.74373
8.28	0.10335	0.7781
8.29	0.10101	0.81183
8.3	0.09901	0.845
8.31	0.0973	0.8777
8.32	0.09584	0.90999
8.33	0.0946	0.94196
8.34	0.09357	0.97365
8.35	0.09273	1.00512
8.36	0.18571	0.73626
8.37	0.18201	0.76511
8.38	0.17877	0.79352
8.39	0.17596	0.82153
8.4	0.17351	0.84919
8.41	0.17139	0.87653
8.42	0.16957	0.90359
8.43	0.16803	0.9304
8.44	0.16675	0.957
8.45	0.1657	0.98341
8.46	0.16488	1.00968
8.47	0.16428	1.03582
8.48	0.1639	1.06187
8.49	0.16374	1.08784
8.5	0.1638	1.11378
8.51	0.16409	1.13971
8.52	0.16462	1.16564
8.53	0.16541	1.19162
8.54	0.16649	1.21766
8.55	0.1679	1.24378
8.56	0.16969	1.27002
8.57	0.17191	1.29639
8.58	0.17467	1.32289
8.59	0.17806	1.34953
8.6	0.18224	1.37627
8.61	0.18739	1.40304
8.62	0.19375	1.42968
8.63	0.2016	1.45592
8.64	0.21122	1.48127
8.65	0.22278	1.50492
8.66	0.23613	1.52569
8.67	0.25031	1.54212
8.68	0.26317	1.55306
8.69	0.27145	1.55888
8.7	0.27229	1.56239
8.71	0.26533	1.56797
8.72	0.25314	1.57905
8.73	0.23929	1.59646
8.74	0.22639	1.61908
8.75	0.21563	1.64522
8.76	0.20721	1.67348
8.77	0.2009	1.70289
8.78	0.19632	1.7329
8.79	0.19311	1.76319
8.8	0.19099	1.79362
8.81	0.18972	1.82412
8.82	0.18913	1.85468
8.83	0.18909	1.88531
8.84	0.18949	1.91604
8.85	0.19028	1.94689
8.86	0.19139	1.97789
8.87	0.19277	2.0091
8.88	0.19441	2.04052
8.89	0.19628	2.0722
8.9	0.19836	2.10418
8.91	0.20064	2.13647
8.92	0.2031	2.16911
8.93	0.20576	2.20213
8.94	0.2086	2.23556
8.95	0.21162	2.26942
8.96	0.21482	2.30376
8.97	0.21821	2.33858
8.98	0.22179	2.37394
8.99	0.22556	2.40985
9	0.22954	2.44634
9.01	0.23372	2.48346
9.02	0.23812	2.52123
9.03	0.24275	2.55969
9.04	0.24762	2.59888
9.05	0.25275	2.63884
9.06	0.25813	2.67959
9.07	0.2638	2.7212
9.08	0.26977	2.76369
9.09	0.27605	2.80713
9.1	0.28267	2.85155
9.11	0.28965	2.89702
9.12	0.29702	2.94358
9.13	0.3048	2.99131
9.14	0.31301	3.04025
9.15	0.32171	3.09049
9.16	0.33091	3.14209
9.17	0.34066	3.19513
9.18	0.35101	3.2497
9.19	0.36201	3.30589
9.2	0.37371	3.3638
9.21	0.38617	3.42352
9.22	0.39946	3.48519
9.23	0.41366	3.54891
9.24	0.42885	3.61482
9.25	0.44514	3.68307
9.26	0.46263	3.75383
9.27	0.48145	3.82725
9.28	0.50174	3.90353
9.29	0.52367	3.98287
9.3	0.54741	4.06551
9.31	0.57319	4.15169
9.32	0.60125	4.24168
9.33	0.63187	4.33579
9.34	0.6654	4.43433
9.35	0.70223	4.53769
9.36	0.7428	4.64624
9.37	0.78767	4.76045
9.38	0.83749	4.88078
9.39	0.89303	5.00776
9.4	0.95521	5.14198
9.41	1.02517	5.28406
9.42	1.10428	5.43464
9.43	1.19421	5.59443
9.44	1.29704	5.76411
9.45	1.41534	5.94432
9.46	1.55232	6.13558
9.47	1.71198	6.33817
9.48	1.89933	6.55187
9.49	2.12066	6.77564
9.5	2.3837	7.00704
9.51	2.69786	7.2413
9.52	3.07402	7.46998
9.53	3.52372	7.67903
9.54	4.05697	7.84646
9.55	4.67751	7.94044
9.56	5.37523	7.92016
9.57	6.11703	7.74311
9.58	6.84297	7.38152
9.59	7.47721	6.84211
9.6	7.95467	6.17349
9.61	8.24669	5.44973
9.62	8.36548	4.74126
9.63	8.34834	4.09495
9.64	8.23816	3.53155
9.65	8.07149	3.0533
9.66	7.87498	2.65271
9.67	7.66628	2.31877
9.68	7.45631	2.04023
9.69	7.25146	1.80703
9.7	7.05516	1.61071
9.71	6.86909	1.4444
9.72	6.69382	1.30256
9.73	6.5293	1.18077
9.74	6.37513	1.07552
9.75	6.23075	0.98399
9.76	6.09549	0.90391
9.77	5.9687	0.83347
9.78	5.8497	0.77117
9.79	5.73789	0.71581
9.8	5.63268	0.66638
9.81	5.53353	0.62206
9.82	5.43996	0.58216
9.83	5.35153	0.5461
9.84	5.26782	0.5134
9.85	5.18847	0.48366
9.86	5.11316	0.45651
9.87	5.04157	0.43166
9.88	4.97344	0.40885
9.89	4.90851	0.38786
9.9	4.84656	0.3685
9.91	4.78738	0.3506
9.92	4.73079	0.33401
9.93	4.67662	0.31861
9.94	4.6247	0.30428
9.95	4.5749	0.29093
9.96	4.52708	0.27846
9.97	4.48111	0.2668
9.98	4.4369	0.25587
9.99	4.39434	0.24562
10	4.35332	0.23599
10.01	4.31377	0.22693
10.02	4.2756	0.2184
10.03	4.23875	0.21035
10.04	4.20312	0.20275
10.05	4.16867	0.19556
10.06	4.13534	0.18875
10.07	4.10306	0.1823
10.08	4.07178	0.17618
10.09	4.04145	0.17038
10.1	4.01204	0.16486
10.11	3.98349	0.1596
10.12	3.95576	0.15461
10.13	3.92882	0.14984
10.14	3.90264	0.1453
10.15	3.87717	0.14096
10.16	3.85239	0.13682
10.17	3.82826	0.13286
10.18	3.80477	0.12907
10.19	3.78187	0.12544
10.2	3.75956	0.12197
10.21	3.7378	0.11864
10.22	3.71657	0.11545
10.23	3.69585	0.11239
10.24	3.67563	0.10944
10.25	3.65587	0.10662
10.26	3.63657	0.1039
10.27	3.61771	0.10129
10.28	3.59927	0.09878
10.29	3.58123	0.09636
10.3	3.56358	0.09402
10.31	3.54631	0.09178
10.32	3.52941	0.08961
10.33	3.51285	0.08752
10.34	3.49664	0.08551
10.35	3.48075	0.08356
10.36	3.46517	0.08168
10.37	3.4499	0.07987
10.38	3.43493	0.07811
10.39	3.42024	0.07642
10.4	3.40583	0.07478
10.41	3.39168	0.07319
10.42	3.3778	0.07166
10.43	3.36416	0.07017
10.44	3.35077	0.06873
10.45	3.33761	0.06734
10.46	3.32468	0.06598
10.47	3.31197	0.06467
10.48	3.29948	0.0634
10.49	3.2872	0.06217
10.5	3.27511	0.06098
10.51	3.26322	0.05982
10.52	3.25153	0.05869
10.53	3.24001	0.0576
10.54	3.22868	0.05654
10.55	3.21752	0.05551
10.56	3.20653	0.05451
10.57	3.19571	0.05354
10.58	3.18505	0.05259
10.59	3.17454	0.05167
10.6	3.16418	0.05078
10.61	3.15397	0.04991
10.62	3.1439	0.04907
10.63	3.13398	0.04825
10.64	3.12418	0.04745
10.65	3.11452	0.04667
10.66	3.10499	0.04592
10.67	3.09559	0.04518
10.68	3.0863	0.04446
10.69	3.07713	0.04376
10.7	3.06808	0.04309
10.71	3.05915	0.04242
10.72	3.05032	0.04178
10.73	3.04159	0.04115
10.74	3.03298	0.04054
10.75	3.02446	0.03995
10.76	3.01604	0.03937
10.77	3.00772	0.03881
10.78	2.99949	0.03826
10.79	2.99135	0.03772
10.8	2.9833	0.0372
10.81	2.97534	0.03669
10.82	2.96746	0.0362
10.83	2.95967	0.03571
10.84	2.95195	0.03524
10.85	2.94431	0.03479
10.86	2.93675	0.03434
10.87	2.92926	0.03391
10.88	2.92185	0.03349
10.89	2.9145	0.03307
10.9	2.90723	0.03267
10.91	2.90002	0.03228
10.92	2.89287	0.0319
10.93	2.88579	0.03153
10.94	2.87877	0.03117
10.95	2.87181	0.03082
10.96	2.86491	0.03048
10.97	2.85806	0.03015
10.98	2.85127	0.02983
10.99	2.84454	0.02952
11	2.83785	0.02921
11.01	2.83122	0.02892
11.02	2.82463	0.02863
11.03	2.8181	0.02835
11.04	2.81161	0.02808
11.05	2.80516	0.02782
11.06	2.79876	0.02757
11.07	2.7924	0.02732
11.08	2.78608	0.02709
11.09	2.7798	0.02686
11.1	2.77356	0.02663
11.11	2.76736	0.02642
11.12	2.76119	0.02621
11.13	2.75505	0.02601
11.14	2.74895	0.02582
11.15	2.74288	0.02564
11.16	2.73685	0.02546
11.17	2.73084	0.02529
11.18	2.72486	0.02513
11.19	2.71891	0.02497
11.2	2.71298	0.02482
11.21	2.70708	0.02468
11.22	2.7012	0.02455
11.23	2.69534	0.02442
11.24	2.6895	0.0243
11.25	2.68369	0.02419
11.26	2.67789	0.02408
11.27	2.67211	0.02398
11.28	2.66635	0.02389
11.29	2.6606	0.02381
11.3	2.65486	0.02373
11.31	2.64914	0.02366
11.32	2.64343	0.0236
11.33	2.63773	0.02355
11.34	2.63203	0.0235
11.35	2.62635	0.02346
11.36	2.62067	0.02343
11.37	2.61499	0.02341
11.38	2.60932	0.0234
11.39	2.60365	0.02339
11.4	2.59798	0.02339
11.41	2.59231	0.0234
11.42	2.58663	0.02342
11.43	2.58096	0.02345
11.44	2.57527	0.02349
11.45	2.56958	0.02353
11.46	2.56388	0.02359
11.47	2.55817	0.02366
11.48	2.55245	0.02373
11.49	2.54672	0.02382
11.5	2.54097	0.02392
11.51	2.5352	0.02402
11.52	2.52941	0.02414
11.53	2.52361	0.02427
11.54	2.51778	0.02442
11.55	2.51192	0.02458
11.56	2.50603	0.02474
11.57	2.50012	0.02493
11.58	2.49417	0.02513
11.59	2.48819	0.02534
11.6	2.48218	0.02557
11.61	2.47612	0.02581
11.62	2.47002	0.02607
11.63	2.46387	0.02635
11.64	2.45768	0.02664
11.65	2.45143	0.02696
11.66	2.44513	0.0273
11.67	2.43877	0.02766
11.68	2.43235	0.02804
11.69	2.42586	0.02844
11.7	2.4193	0.02887
11.71	2.41267	0.02933
11.72	2.40595	0.02981
11.73	2.39916	0.03032
11.74	2.39227	0.03087
11.75	2.38529	0.03145
11.76	2.37822	0.03206
11.77	2.37103	0.03271
11.78	2.36373	0.0334
11.79	2.35632	0.03414
11.8	2.34877	0.03492
11.81	2.3411	0.03575
11.82	2.33327	0.03664
11.83	2.3253	0.03758
11.84	2.31717	0.03858
11.85	2.30886	0.03965
11.86	2.30038	0.0408
11.87	2.2917	0.04201
11.88	2.28281	0.04332
11.89	2.2737	0.04471
11.9	2.26435	0.0462
11.91	2.25476	0.0478
11.92	2.24489	0.04952
11.93	2.23473	0.05137
11.94	2.22427	0.05336
11.95	2.21347	0.05551
11.96	2.20232	0.05782
11.97	2.19079	0.06033
11.98	2.17884	0.06305
11.99	2.16645	0.066
12	2.15358	0.06921
12.01	2.14019	0.07271
12.02	2.12624	0.07654
12.03	2.11168	0.08073
12.04	2.09645	0.08534
12.05	2.08051	0.09041
12.06	2.06378	0.09602
12.07	2.04619	0.10224
12.08	2.02767	0.10915
12.09	2.00813	0.11687
12.1	1.98746	0.12553
12.11	1.96557	0.13527
12.12	1.94233	0.14628
12.13	1.91761	0.15878
12.14	1.89128	0.17306
12.15	1.8632	0.18946
12.16	1.8332	0.2084
12.17	1.80116	0.23041
12.18	1.76697	0.25615
12.19	1.73055	0.28646
12.2	1.69197	0.32238
12.21	1.65145	0.3652
12.22	1.60955	0.41652
12.23	1.56733	0.47819
12.24	1.52659	0.55219
12.25	1.49013	0.64043
12.26	1.46188	0.74415
12.27	1.44664	0.86344
12.28	1.44959	0.99677
12.29	1.4756	1.14108
12.3	1.52897	1.29213
12.31	1.61351	1.44466
12.32	1.73275	1.59197
12.33	1.8895	1.72513
12.34	2.08442	1.83205
12.35	2.31333	1.89763
12.36	2.5638	1.90634
12.37	2.81391	1.84826
12.38	3.03653	1.72611
12.39	3.20919	1.55731
12.4	3.3227	1.3673
12.41	3.38163	1.17929
12.42	3.39833	1.00807
12.43	3.38631	0.8599
12.44	3.35675	0.73533
12.45	3.3176	0.6321
12.46	3.27404	0.54699
12.47	3.22925	0.47679
12.48	3.18507	0.41867
12.49	3.14252	0.37029
12.5	3.10211	0.32976
12.51	3.06403	0.29557
12.52	3.0283	0.26653
12.53	2.99485	0.24171
12.54	2.96356	0.22036
12.55	2.93427	0.20189
12.56	2.90683	0.18581
12.57	2.88108	0.17174
12.58	2.85688	0.15937
12.59	2.8341	0.14845
12.6	2.81261	0.13876
12.61	2.7923	0.13013
12.62	2.77306	0.12242
12.63	2.75481	0.1155
12.64	2.73745	0.10927
12.65	2.72091	0.10366
12.66	2.70513	0.09858
12.67	2.69005	0.09397
12.68	2.67559	0.08977
12.69	2.66173	0.08595
12.7	2.64841	0.08247
12.71	2.63558	0.07928
12.72	2.62322	0.07636
12.73	2.61129	0.07368
12.74	2.59975	0.07122
12.75	2.58858	0.06895
12.76	2.57775	0.06687
12.77	2.56724	0.06495
12.78	2.55703	0.06318
12.79	2.54709	0.06155
12.8	2.53741	0.06004
12.81	2.52797	0.05865
12.82	2.51875	0.05737
12.83	2.50975	0.05618
12.84	2.50094	0.05509
12.85	2.49231	0.05409
12.86	2.48385	0.05316
12.87	2.47556	0.05231
12.88	2.46741	0.05153
12.89	2.45941	0.05082
12.9	2.45153	0.05016
12.91	2.44378	0.04957
12.92	2.43615	0.04903
12.93	2.42862	0.04854
12.94	2.42119	0.0481
12.95	2.41386	0.0477
12.96	2.40662	0.04736
12.97	2.39945	0.04705
12.98	2.39236	0.04679
12.99	2.38535	0.04656
13	2.3784	0.04637
13.01	2.37151	0.04622
13.02	2.36467	0.04611
13.03	2.35789	0.04603
13.04	2.35116	0.04598
13.05	2.34446	0.04596
13.06	2.33781	0.04598
13.07	2.33119	0.04602
13.08	2.32461	0.0461
13.09	2.31805	0.0462
13.1	2.31152	0.04634
13.11	2.305	0.0465
13.12	2.29851	0.0467
13.13	2.29203	0.04692
13.14	2.28556	0.04717
13.15	2.27911	0.04744
13.16	2.27265	0.04775
13.17	2.2662	0.04808
13.18	2.25975	0.04844
13.19	2.2533	0.04883
13.2	2.24684	0.04925
13.21	2.24037	0.0497
13.22	2.23389	0.05018
13.23	2.2274	0.05068
13.24	2.22089	0.05122
13.25	2.21436	0.05178
13.26	2.2078	0.05238
13.27	2.20123	0.053
13.28	2.19462	0.05366
13.29	2.18798	0.05435
13.3	2.18131	0.05508
13.31	2.1746	0.05584
13.32	2.16786	0.05663
13.33	2.16107	0.05746
13.34	2.15424	0.05833
13.35	2.14735	0.05924
13.36	2.14042	0.06018
13.37	2.13343	0.06117
13.38	2.12639	0.06219
13.39	2.11928	0.06326
13.4	2.11212	0.06438
13.41	2.10488	0.06554
13.42	2.09757	0.06675
13.43	2.09019	0.06801
13.44	2.08273	0.06933
13.45	2.07519	0.07069
13.46	2.06757	0.07212
13.47	2.05985	0.0736
13.48	2.05204	0.07514
13.49	2.04414	0.07675
13.5	2.03613	0.07843
13.51	2.02802	0.08017
13.52	2.01979	0.08199
13.53	2.01145	0.08388
13.54	2.00298	0.08586
13.55	1.99439	0.08792
13.56	1.98567	0.09007
13.57	1.97681	0.09231
13.58	1.96781	0.09465
13.59	1.95866	0.09709
13.6	1.94935	0.09964
13.61	1.93988	0.10231
13.62	1.93025	0.1051
13.63	1.92043	0.10801
13.64	1.91043	0.11107
13.65	1.90024	0.11426
13.66	1.88986	0.11761
13.67	1.87926	0.12112
13.68	1.86844	0.1248
13.69	1.85741	0.12866
13.7	1.84613	0.13271
13.71	1.83461	0.13698
13.72	1.82283	0.14146
13.73	1.81079	0.14617
13.74	1.79847	0.15114
13.75	1.78586	0.15638
13.76	1.77295	0.1619
13.77	1.75972	0.16773
13.78	1.74617	0.17389
13.79	1.73228	0.18041
13.8	1.71804	0.18732
13.81	1.70342	0.19463
13.82	1.68843	0.20239
13.83	1.67305	0.21063
13.84	1.65725	0.21939
13.85	1.64103	0.22872
13.86	1.62438	0.23866
13.87	1.60728	0.24926
13.88	1.58973	0.26059
13.89	1.57171	0.2727
13.9	1.55322	0.28567
13.91	1.53426	0.29958
13.92	1.51483	0.3145
13.93	1.49493	0.33054
13.94	1.47459	0.3478
13.95	1.45383	0.36638
13.96	1.43269	0.38641
13.97	1.41121	0.40802
13.98	1.38947	0.43133
13.99	1.36756	0.4565
14	1.34559	0.48367
14.01	1.3237	0.51298
14.02	1.30206	0.54457
14.03	1.28088	0.57856
14.04	1.26038	0.61507
14.05	1.24083	0.65415
14.06	1.22251	0.69587
14.07	1.20571	0.7402
14.08	1.19073	0.78711
14.09	1.17786	0.83651
14.1	1.16738	0.88826
14.11	1.15952	0.9422
14.12	1.15451	0.99815
14.13	1.15251	1.05592
14.14	1.15369	1.11533
14.15	1.15817	1.17617
14.16	1.16608	1.23829
14.17	1.17752	1.30152
14.18	1.19261	1.36573
14.19	1.21148	1.43076
14.2	1.23427	1.49649
14.21	1.26115	1.56279
14.22	1.29231	1.6295
14.23	1.32798	1.69647
14.24	1.3684	1.76348
14.25	1.41387	1.8303
14.26	1.46469	1.89665
14.27	1.5212	1.96215
14.28	1.58374	2.02636
14.29	1.65266	2.08874
14.3	1.7283	2.1486
14.31	1.81094	2.20515
14.32	1.90078	2.25744
14.33	1.99793	2.30436
14.34	2.10226	2.34465
14.35	2.21347	2.37693
14.36	2.33089	2.39973
14.37	2.45352	2.41159
14.38	2.57993	2.41112
14.39	2.7083	2.39719
14.4	2.8364	2.36903
14.41	2.96176	2.32639
14.42	3.08176	2.26963
14.43	3.19391	2.19978
14.44	3.296	2.11848
14.45	3.3863	2.02786
14.46	3.4637	1.93036
14.47	3.52775	1.82852
14.48	3.57859	1.72475
14.49	3.61689	1.62122
14.5	3.64366	1.51974
14.51	3.66016	1.42169
14.52	3.66775	1.3281
14.53	3.66778	1.23961
14.54	3.66155	1.1566
14.55	3.65022	1.07917
14.56	3.63484	1.0073
14.57	3.61628	0.9408
14.58	3.59532	0.87942
14.59	3.57258	0.82285
14.6	3.54858	0.77077
14.61	3.52375	0.72285
14.62	3.49841	0.67874
14.63	3.47285	0.63814
14.64	3.44728	0.60074
14.65	3.42185	0.56627
14.66	3.39671	0.53446
14.67	3.37195	0.50508
14.68	3.34764	0.4779
14.69	3.32383	0.45275
14.7	3.30057	0.42942
14.71	3.27787	0.40778
14.72	3.25574	0.38766
14.73	3.23421	0.36893
14.74	3.21325	0.35149
14.75	3.19288	0.33521
14.76	3.17307	0.32
14.77	3.15383	0.30578
14.78	3.13513	0.29246
14.79	3.11696	0.27997
14.8	3.09931	0.26825
14.81	3.08216	0.25723
14.82	3.06549	0.24687
14.83	3.04929	0.2371
14.84	3.03354	0.2279
14.85	3.01822	0.21922
14.86	3.00332	0.21101
14.87	2.98882	0.20325
14.88	2.97471	0.1959
14.89	2.96097	0.18895
14.9	2.94759	0.18235
14.91	2.93456	0.17608
14.92	2.92185	0.17014
14.93	2.90946	0.16448
14.94	2.89738	0.1591
14.95	2.88559	0.15398
14.96	2.87408	0.1491
14.97	2.86284	0.14444
14.98	2.85187	0.14
14.99	2.84114	0.13576
15	2.83066	0.13171
15.01	2.82041	0.12783
15.02	2.81039	0.12413
15.03	2.80058	0.12058
15.04	2.79098	0.11718
15.05	2.78158	0.11392
15.06	2.77237	0.11079
15.07	2.76335	0.1078
15.08	2.7545	0.10492
15.09	2.74583	0.10215
15.1	2.73733	0.09949
15.11	2.72899	0.09694
15.12	2.7208	0.09448
15.13	2.71277	0.09211
15.14	2.70487	0.08983
15.15	2.69712	0.08764
15.16	2.68951	0.08552
15.17	2.68202	0.08348
15.18	2.67467	0.08152
15.19	2.66743	0.07962
15.2	2.66031	0.07779
15.21	2.65331	0.07602
15.22	2.64642	0.0743
15.23	2.63964	0.07265
15.24	2.63296	0.07105
15.25	2.62638	0.06951
15.26	2.6199	0.06801
15.27	2.61351	0.06657
15.28	2.60722	0.06516
15.29	2.60101	0.06381
15.3	2.59489	0.06249
15.31	2.58886	0.06122
15.32	2.58291	0.05998
15.33	2.57703	0.05879
15.34	2.57123	0.05762
15.35	2.56551	0.0565
15.36	2.55986	0.0554
15.37	2.55427	0.05434
15.38	2.54876	0.05331
15.39	2.54331	0.05231
15.4	2.53793	0.05134
15.41	2.53261	0.05039
15.42	2.52735	0.04948
15.43	2.52215	0.04858
15.44	2.517	0.04771
15.45	2.51192	0.04687
15.46	2.50688	0.04605
15.47	2.5019	0.04525
15.48	2.49697	0.04447
15.49	2.4921	0.04372
15.5	2.48727	0.04298
15.51	2.48248	0.04226
15.52	2.47775	0.04156
15.53	2.47305	0.04088
15.54	2.46841	0.04022
15.55	2.4638	0.03957
15.56	2.45924	0.03894
15.57	2.45472	0.03833
15.58	2.45023	0.03773
15.59	2.44579	0.03714
15.6	2.44138	0.03657
15.61	2.43701	0.03602
15.62	2.43268	0.03548
15.63	2.42837	0.03495
15.64	2.42411	0.03443
15.65	2.41987	0.03393
15.66	2.41567	0.03344
15.67	2.4115	0.03296
15.68	2.40736	0.03249
15.69	2.40325	0.03203
15.7	2.39917	0.03158
15.71	2.39512	0.03115
15.72	2.39109	0.03072
15.73	2.3871	0.03031
15.74	2.38313	0.0299
15.75	2.37918	0.0295
15.76	2.37526	0.02911
15.77	2.37136	0.02874
15.78	2.36749	0.02836
15.79	2.36364	0.028
15.8	2.35981	0.02765
15.81	2.35601	0.0273
15.82	2.35223	0.02696
15.83	2.34846	0.02663
15.84	2.34472	0.02631
15.85	2.341	0.02599
15.86	2.3373	0.02568
15.87	2.33361	0.02538
15.88	2.32995	0.02509
15.89	2.3263	0.0248
15.9	2.32267	0.02451
15.91	2.31906	0.02424
15.92	2.31547	0.02397
15.93	2.31189	0.0237
15.94	2.30833	0.02344
15.95	2.30478	0.02319
15.96	2.30125	0.02294
15.97	2.29773	0.0227
15.98	2.29423	0.02246
15.99	2.29074	0.02223
16	2.28726	0.02201
16.01	2.2838	0.02178
16.02	2.28035	0.02157
16.03	2.27692	0.02136
16.04	2.27349	0.02115
16.05	2.27008	0.02095
16.06	2.26668	0.02075
16.07	2.26329	0.02055
16.08	2.25991	0.02036
16.09	2.25655	0.02018
16.1	2.25319	0.02
16.11	2.24984	0.01982
16.12	2.2465	0.01965
16.13	2.24318	0.01948
16.14	2.23986	0.01931
16.15	2.23655	0.01915
16.16	2.23325	0.01899
16.17	2.22996	0.01884
16.18	2.22667	0.01869
16.19	2.2234	0.01854
16.2	2.22013	0.01839
16.21	2.21687	0.01825
16.22	2.21361	0.01812
16.23	2.21037	0.01798
16.24	2.20713	0.01785
16.25	2.20389	0.01772
16.26	2.20067	0.0176
16.27	2.19745	0.01748
16.28	2.19423	0.01736
16.29	2.19102	0.01724
16.3	2.18782	0.01713
16.31	2.18462	0.01702
16.32	2.18143	0.01691
16.33	2.17824	0.01681
16.34	2.17505	0.0167
16.35	2.17187	0.0166
16.36	2.1687	0.01651
16.37	2.16552	0.01641
16.38	2.16236	0.01632
16.39	2.15919	0.01623
16.4	2.15603	0.01615
16.41	2.15287	0.01606
16.42	2.14972	0.01598
16.43	2.14657	0.0159
16.44	2.14342	0.01582
16.45	2.14027	0.01575
16.46	2.13713	0.01568
16.47	2.13399	0.01561
16.48	2.13085	0.01554
16.49	2.12771	0.01548
16.5	2.12457	0.01541
16.51	2.12144	0.01535
16.52	2.1183	0.01529
16.53	2.11517	0.01524
16.54	2.11204	0.01518
16.55	2.10891	0.01513
16.56	2.10578	0.01508
16.57	2.10265	0.01503
16.58	2.09952	0.01498
16.59	2.0964	0.01494
16.6	2.09327	0.01489
16.61	2.09014	0.01485
16.62	2.08701	0.01482
16.63	2.08388	0.01478
16.64	2.08075	0.01474
16.65	2.07762	0.01471
16.66	2.07449	0.01468
16.67	2.07136	0.01465
16.68	2.06823	0.01462
16.69	2.0651	0.0146
16.7	2.06196	0.01457
16.71	2.05883	0.01455
16.72	2.05569	0.01453
16.73	2.05255	0.01451
16.74	2.04941	0.0145
16.75	2.04626	0.01448
16.76	2.04312	0.01447
16.77	2.03997	0.01446
16.78	2.03682	0.01445
16.79	2.03366	0.01444
16.8	2.03051	0.01443
16.81	2.02735	0.01443
16.82	2.02419	0.01443
16.83	2.02102	0.01442
16.84	2.01785	0.01442
16.85	2.01468	0.01443
16.86	2.01151	0.01443
16.87	2.00833	0.01444
16.88	2.00515	0.01444
16.89	2.00196	0.01445
16.9	1.99877	0.01446
16.91	1.99558	0.01447
16.92	1.99238	0.01449
16.93	1.98917	0.0145
16.94	1.98597	0.01452
16.95	1.98275	0.01454
16.96	1.97954	0.01456
16.97	1.97631	0.01458
16.98	1.97309	0.0146
16.99	1.96985	0.01463
17	1.96662	0.01465
17.01	1.96337	0.01468
17.02	1.96012	0.01471
17.03	1.95687	0.01474
17.04	1.95361	0.01478
17.05	1.95034	0.01481
17.06	1.94707	0.01485
17.07	1.94379	0.01488
17.08	1.9405	0.01492
17.09	1.93721	0.01496
17.1	1.93391	0.01501
17.11	1.93061	0.01505
17.12	1.9273	0.0151
17.13	1.92398	0.01514
17.14	1.92065	0.01519
17.15	1.91732	0.01524
17.16	1.91398	0.01529
17.17	1.91063	0.01535
17.18	1.90727	0.0154
17.19	1.90391	0.01546
17.2	1.90054	0.01552
17.21	1.89716	0.01558
17.22	1.89377	0.01564
17.23	1.89037	0.0157
17.24	1.88697	0.01577
17.25	1.88355	0.01584
17.26	1.88013	0.0159
17.27	1.8767	0.01597
17.28	1.87326	0.01605
17.29	1.86981	0.01612
17.3	1.86635	0.0162
17.31	1.86288	0.01627
17.32	1.8594	0.01635
17.33	1.85591	0.01643
17.34	1.85241	0.01651
17.35	1.84891	0.0166
17.36	1.84539	0.01668
17.37	1.84186	0.01677
17.38	1.83832	0.01686
17.39	1.83477	0.01695
17.4	1.83121	0.01704
17.41	1.82764	0.01714
17.42	1.82405	0.01723
17.43	1.82046	0.01733
17.44	1.81685	0.01743
17.45	1.81323	0.01753
17.46	1.80961	0.01764
17.47	1.80596	0.01774
17.48	1.80231	0.01785
17.49	1.79865	0.01796
17.5	1.79497	0.01807
17.51	1.79128	0.01819
17.52	1.78757	0.0183
17.53	1.78386	0.01842
17.54	1.78013	0.01854
17.55	1.77639	0.01866
17.56	1.77263	0.01878
17.57	1.76886	0.01891
17.58	1.76508	0.01904
17.59	1.76128	0.01917
17.6	1.75747	0.0193
17.61	1.75364	0.01943
17.62	1.7498	0.01957
17.63	1.74595	0.01971
17.64	1.74208	0.01985
17.65	1.73819	0.01999
17.66	1.73429	0.02013
17.67	1.73038	0.02028
17.68	1.72645	0.02043
17.69	1.7225	0.02058
17.7	1.71853	0.02074
17.71	1.71456	0.02089
17.72	1.71056	0.02105
17.73	1.70655	0.02121
17.74	1.70252	0.02138
17.75	1.69847	0.02154
17.76	1.69441	0.02171
17.77	1.69032	0.02188
17.78	1.68623	0.02206
17.79	1.68211	0.02223
17.8	1.67797	0.02241
17.81	1.67382	0.0226
17.82	1.66965	0.02278
17.83	1.66545	0.02297
17.84	1.66124	0.02316
17.85	1.65701	0.02335
17.86	1.65276	0.02355
17.87	1.64849	0.02374
17.88	1.6442	0.02395
17.89	1.63989	0.02415
17.9	1.63556	0.02436
17.91	1.63121	0.02457
17.92	1.62684	0.02478
17.93	1.62244	0.025
17.94	1.61803	0.02522
17.95	1.61359	0.02544
17.96	1.60913	0.02567
17.97	1.60465	0.0259
17.98	1.60014	0.02613
17.99	1.59561	0.02637
18	1.59106	0.02661
18.01	1.58648	0.02685
18.02	1.58188	0.0271
18.03	1.57726	0.02735
18.04	1.57261	0.02761
18.05	1.56793	0.02787
18.06	1.56323	0.02813
18.07	1.5585	0.02839
18.08	1.55375	0.02866
18.09	1.54897	0.02894
18.1	1.54417	0.02922
18.11	1.53933	0.0295
18.12	1.53447	0.02979
18.13	1.52959	0.03008
18.14	1.52467	0.03037
18.15	1.51972	0.03067
18.16	1.51475	0.03098
18.17	1.50975	0.03129
18.18	1.50471	0.0316
18.19	1.49965	0.03192
18.2	1.49455	0.03224
18.21	1.48943	0.03257
18.22	1.48427	0.03291
18.23	1.47908	0.03324
18.24	1.47386	0.03359
18.25	1.4686	0.03394
18.26	1.46331	0.03429
18.27	1.45799	0.03465
18.28	1.45263	0.03502
18.29	1.44724	0.03539
18.3	1.44181	0.03577
18.31	1.43635	0.03616
18.32	1.43085	0.03655
18.33	1.42531	0.03694
18.34	1.41974	0.03735
18.35	1.41412	0.03776
18.36	1.40847	0.03817
18.37	1.40278	0.0386
18.38	1.39705	0.03903
18.39	1.39127	0.03946
18.4	1.38546	0.03991
18.41	1.3796	0.04036
18.42	1.3737	0.04082
18.43	1.36776	0.04129
18.44	1.36177	0.04177
18.45	1.35574	0.04225
18.46	1.34967	0.04275
18.47	1.34354	0.04325
18.48	1.33737	0.04376
18.49	1.33115	0.04428
18.5	1.32489	0.04481
18.51	1.31857	0.04535
18.52	1.3122	0.0459
18.53	1.30578	0.04646
18.54	1.29931	0.04703
18.55	1.29278	0.04761
18.56	1.28621	0.0482
18.57	1.27957	0.04881
18.58	1.27288	0.04942
18.59	1.26613	0.05005
18.6	1.25933	0.05069
18.61	1.25246	0.05134
18.62	1.24554	0.05201
18.63	1.23855	0.05269
18.64	1.2315	0.05338
18.65	1.22438	0.05409
18.66	1.2172	0.05481
18.67	1.20995	0.05554
18.68	1.20264	0.0563
18.69	1.19525	0.05707
18.7	1.18779	0.05785
18.71	1.18027	0.05865
18.72	1.17266	0.05948
18.73	1.16498	0.06032
18.74	1.15723	0.06118
18.75	1.14939	0.06205
18.76	1.14147	0.06295
18.77	1.13347	0.06388
18.78	1.12539	0.06482
18.79	1.11722	0.06579
18.8	1.10896	0.06678
18.81	1.10061	0.06779
18.82	1.09216	0.06883
18.83	1.08362	0.0699
18.84	1.07499	0.071
18.85	1.06625	0.07212
18.86	1.05741	0.07328
18.87	1.04846	0.07447
18.88	1.03941	0.07569
18.89	1.03024	0.07695
18.9	1.02097	0.07824
18.91	1.01157	0.07958
18.92	1.00205	0.08095
18.93	0.99241	0.08236
18.94	0.98264	0.08382
18.95	0.97274	0.08533
18.96	0.9627	0.08688
18.97	0.95252	0.08849
18.98	0.9422	0.09015
18.99	0.93173	0.09187
19	0.92111	0.09365
19.01	0.91033	0.09549
19.02	0.89939	0.09741
19.03	0.88827	0.09939
19.04	0.87698	0.10146
19.05	0.86552	0.1036
19.06	0.85386	0.10584
19.07	0.84201	0.10817
19.08	0.82996	0.1106
19.09	0.81769	0.11314
19.1	0.80522	0.11579
19.11	0.79252	0.11857
19.12	0.77958	0.12149
19.13	0.7664	0.12455
19.14	0.75298	0.12777
19.15	0.73929	0.13117
19.16	0.72533	0.13475
19.17	0.71109	0.13854
19.18	0.69655	0.14255
19.19	0.68172	0.14681
19.2	0.66657	0.15134
19.21	0.65109	0.15617
19.22	0.63529	0.16133
19.23	0.61914	0.16686
19.24	0.60265	0.17279
19.25	0.58581	0.17918
19.26	0.56862	0.18608
19.27	0.55108	0.19354
19.28	0.53321	0.20163
19.29	0.51504	0.21043
19.3	0.4966	0.22
19.31	0.47794	0.23043
19.32	0.45914	0.2418
19.33	0.44029	0.25419
19.34	0.42152	0.26766
19.35	0.40298	0.28225
19.36	0.38482	0.29796
19.37	0.36723	0.31477
19.38	0.35037	0.33261
19.39	0.33439	0.35134
19.4	0.31941	0.37083
19.41	0.30548	0.39089
19.42	0.29265	0.41137
19.43	0.2809	0.43209
19.44	0.27019	0.45291
19.45	0.26044	0.47372
19.46	0.25159	0.49442
19.47	0.24355	0.51494
19.48	0.23625	0.53524
19.49	0.22961	0.55527
19.5	0.22356	0.57502
19.51	0.21804	0.59447
19.52	0.21298	0.61362
19.53	0.20835	0.63248
19.54	0.2041	0.65103
19.55	0.20018	0.6693
19.56	0.19657	0.68729
19.57	0.19323	0.705
19.58	0.19014	0.72246
19.59	0.18728	0.73966
19.6	0.18462	0.75662
19.61	0.18214	0.77336
19.62	0.17983	0.78987
19.63	0.17768	0.80617
19.64	0.17568	0.82227
19.65	0.1738	0.83818
19.66	0.17205	0.85391
19.67	0.1704	0.86946
19.68	0.16886	0.88484
19.69	0.16742	0.90006
19.7	0.16607	0.91513
19.71	0.1648	0.93006
19.72	0.16361	0.94484
19.73	0.16249	0.95949
19.74	0.16144	0.97401
19.75	0.16046	0.98842
19.76	0.15954	1.0027
19.77	0.15867	1.01687
19.78	0.15786	1.03093
19.79	0.1571	1.0449
19.8	0.15638	1.05876
19.81	0.15572	1.07253
19.82	0.1551	1.08621
19.83	0.15451	1.0998
19.84	0.15397	1.11331
19.85	0.15347	1.12673
19.86	0.153	1.14009
19.87	0.15257	1.15337
19.88	0.15217	1.16658
19.89	0.1518	1.17972
19.9	0.15146	1.1928
19.91	0.15115	1.20581
19.92	0.15087	1.21877
19.93	0.15062	1.23167
19.94	0.15039	1.24452
19.95	0.15018	1.25731
19.96	0.15001	1.27006
19.97	0.14985	1.28275
19.98	0.14972	1.2954
19.99	0.14961	1.30801
20	0.14952	1.32058
20.01	0.14945	1.33311
20.02	0.1494	1.3456
20.03	0.14937	1.35805
20.04	0.14936	1.37047
20.05	0.14937	1.38286
20.06	0.1494	1.39522
20.07	0.14944	1.40754
20.08	0.1495	1.41984
20.09	0.14958	1.43212
20.1	0.14968	1.44437
20.11	0.14979	1.45659
20.12	0.14992	1.4688
20.13	0.15006	1.48098
20.14	0.15022	1.49315
20.15	0.15039	1.50529
20.16	0.15058	1.51742
20.17	0.15079	1.52954
20.18	0.151	1.54164
20.19	0.15123	1.55373
20.2	0.15148	1.56581
20.21	0.15174	1.57787
20.22	0.15201	1.58993
20.23	0.1523	1.60198
20.24	0.1526	1.61402
20.25	0.15291	1.62606
20.26	0.15324	1.63809
20.27	0.15358	1.65011
20.28	0.15393	1.66214
20.29	0.15429	1.67416
20.3	0.15467	1.68618
20.31	0.15506	1.6982
20.32	0.15546	1.71023
20.33	0.15588	1.72225
20.34	0.15631	1.73428
20.35	0.15675	1.74631
20.36	0.1572	1.75835
20.37	0.15766	1.77039
20.38	0.15814	1.78245
20.39	0.15863	1.7945
20.4	0.15913	1.80657
20.41	0.15964	1.81865
20.42	0.16017	1.83074
20.43	0.16071	1.84284
20.44	0.16126	1.85495
20.45	0.16182	1.86707
20.46	0.1624	1.87921
20.47	0.16298	1.89137
20.48	0.16358	1.90354
20.49	0.1642	1.91573
20.5	0.16482	1.92793
20.51	0.16546	1.94016
20.52	0.16611	1.9524
20.53	0.16677	1.96466
20.54	0.16744	1.97695
20.55	0.16813	1.98926
20.56	0.16883	2.00159
20.57	0.16955	2.01394
20.58	0.17027	2.02632
20.59	0.17101	2.03873
20.6	0.17176	2.05116
20.61	0.17253	2.06362
20.62	0.17331	2.07611
20.63	0.1741	2.08863
20.64	0.17491	2.10118
20.65	0.17573	2.11375
20.66	0.17656	2.12637
20.67	0.17741	2.13901
20.68	0.17827	2.15169
20.69	0.17915	2.1644
20.7	0.18004	2.17715
20.71	0.18095	2.18993
20.72	0.18187	2.20276
20.73	0.1828	2.21562
20.74	0.18375	2.22852
20.75	0.18472	2.24146
20.76	0.1857	2.25444
20.77	0.1867	2.26747
20.78	0.18771	2.28054
20.79	0.18874	2.29365
20.8	0.18979	2.30681
20.81	0.19085	2.32002
20.82	0.19193	2.33327
20.83	0.19302	2.34657
20.84	0.19414	2.35992
20.85	0.19527	2.37333
20.86	0.19642	2.38678
20.87	0.19758	2.40029
20.88	0.19877	2.41385
20.89	0.19997	2.42747
20.9	0.20119	2.44114
20.91	0.20243	2.45487
20.92	0.2037	2.46866
20.93	0.20498	2.48251
20.94	0.20628	2.49642
20.95	0.2076	2.51039
20.96	0.20894	2.52443
20.97	0.2103	2.53853
20.98	0.21169	2.55269
20.99	0.21309	2.56693
21	0.21452	2.58123
21.01	0.21597	2.5956
21.02	0.21745	2.61005
21.03	0.21894	2.62456
21.04	0.22047	2.63915
21.05	0.22201	2.65382
21.06	0.22358	2.66856
21.07	0.22518	2.68339
21.08	0.2268	2.69829
21.09	0.22845	2.71327
21.1	0.23012	2.72834
21.11	0.23183	2.74349
21.12	0.23356	2.75873
21.13	0.23531	2.77406
21.14	0.2371	2.78947
21.15	0.23892	2.80498
21.16	0.24076	2.82058
21.17	0.24264	2.83628
21.18	0.24455	2.85207
21.19	0.24649	2.86796
21.2	0.24847	2.88395
21.21	0.25047	2.90004
21.22	0.25252	2.91624
21.23	0.25459	2.93255
21.24	0.25671	2.94896
21.25	0.25886	2.96548
21.26	0.26104	2.98212
21.27	0.26327	2.99887
21.28	0.26553	3.01574
21.29	0.26784	3.03272
21.3	0.27018	3.04983
21.31	0.27257	3.06707
21.32	0.275	3.08442
21.33	0.27747	3.10191
21.34	0.27999	3.11953
21.35	0.28256	3.13729
21.36	0.28517	3.15518
21.37	0.28783	3.17321
21.38	0.29054	3.19138
21.39	0.29331	3.2097
21.4	0.29612	3.22817
21.41	0.29899	3.24679
21.42	0.30191	3.26556
21.43	0.30489	3.28449
21.44	0.30793	3.30358
21.45	0.31103	3.32283
21.46	0.31419	3.34225
21.47	0.31741	3.36185
21.48	0.32069	3.38161
21.49	0.32405	3.40156
21.5	0.32747	3.42169
21.51	0.33096	3.442
21.52	0.33452	3.4625
21.53	0.33816	3.4832
21.54	0.34187	3.5041
21.55	0.34566	3.5252
21.56	0.34954	3.5465
21.57	0.35349	3.56802
21.58	0.35753	3.58975
21.59	0.36166	3.61171
21.6	0.36589	3.63389
21.61	0.3702	3.6563
21.62	0.37461	3.67895
21.63	0.37913	3.70184
21.64	0.38374	3.72498
21.65	0.38847	3.74837
21.66	0.3933	3.77202
21.67	0.39824	3.79594
21.68	0.40331	3.82013
21.69	0.40849	3.84459
21.7	0.4138	3.86934
21.71	0.41924	3.89439
21.72	0.42482	3.91973
21.73	0.43053	3.94538
21.74	0.43639	3.97134
21.75	0.44239	3.99763
21.76	0.44855	4.02425
21.77	0.45487	4.0512
21.78	0.46136	4.0785
21.79	0.46801	4.10616
21.8	0.47485	4.13418
21.81	0.48187	4.16258
21.82	0.48908	4.19137
21.83	0.4965	4.22054
21.84	0.50412	4.25013
21.85	0.51195	4.28013
21.86	0.52001	4.31056
21.87	0.52831	4.34143
21.88	0.53684	4.37275
21.89	0.54563	4.40454
21.9	0.55469	4.43681
21.91	0.56402	4.46956
21.92	0.57364	4.50283
21.93	0.58355	4.53661
21.94	0.59378	4.57093
21.95	0.60434	4.60581
21.96	0.61524	4.64125
21.97	0.62649	4.67727
21.98	0.63812	4.7139
21.99	0.65014	4.75115
22	0.66257	4.78904
22.01	0.67543	4.82759
22.02	0.68875	4.86682
22.03	0.70253	4.90675
22.04	0.71681	4.94741
22.05	0.73162	4.98881
22.06	0.74697	5.03099
22.07	0.76291	5.07396
22.08	0.77945	5.11776
22.09	0.79663	5.1624
22.1	0.81449	5.20792
22.11	0.83307	5.25435
22.12	0.8524	5.30171
22.13	0.87253	5.35004
22.14	0.8935	5.39938
22.15	0.91536	5.44974
22.16	0.93817	5.50118
22.17	0.96198	5.55372
22.18	0.98687	5.6074
22.19	1.01288	5.66226
22.2	1.04009	5.71835
22.21	1.06859	5.77569
22.22	1.09845	5.83434
22.23	1.12977	5.89433
22.24	1.16264	5.95572
22.25	1.19718	6.01853
22.26	1.23349	6.08283
22.27	1.2717	6.14865
22.28	1.31195	6.21604
22.29	1.35438	6.28504
22.3	1.39917	6.3557
22.31	1.44648	6.42805
22.32	1.4965	6.50214
22.33	1.54946	6.578
22.34	1.60557	6.65566
22.35	1.6651	6.73514
22.36	1.72831	6.81646
22.37	1.7955	6.89962
22.38	1.86701	6.9846
22.39	1.9432	7.07139
22.4	2.02445	7.15992
22.41	2.11121	7.25013
22.42	2.20393	7.3419
22.43	2.30313	7.43508
22.44	2.40937	7.52947
22.45	2.52324	7.6248
22.46	2.64538	7.72076
22.47	2.7765	7.8169
22.48	2.91731	7.9127
22.49	3.06859	8.0075
22.5	3.23112	8.1005
22.51	3.4057	8.19072
22.52	3.59311	8.27697
22.53	3.79408	8.35784
22.54	4.00925	8.43165
22.55	4.23911	8.49647
22.56	4.48391	8.55006
22.57	4.7436	8.58989
22.58	5.01769	8.61319
22.59	5.3052	8.61697
22.6	5.60447	8.59817
22.61	5.91311	8.55374
22.62	6.22796	8.48093
22.63	6.54502	8.37744
22.64	6.8596	8.24171
22.65	7.16646	8.0732
22.66	7.4601	7.87253
22.67	7.73509	7.64161
22.68	7.98646	7.38361
22.69	8.21007	7.10278
22.7	8.40289	6.80417
22.71	8.56315	6.49326
22.72	8.69036	6.17557
22.73	8.78522	5.85634
22.74	8.84942	5.54024
22.75	8.88535	5.2312
22.76	8.89589	4.93232
22.77	8.88415	4.64591
22.78	8.85326	4.37353
22.79	8.80623	4.1161
22.8	8.74588	3.87401
22.81	8.67472	3.64724
22.82	8.595	3.43546
22.83	8.50866	3.23813
22.84	8.41734	3.05455
22.85	8.32244	2.88394
22.86	8.22513	2.72548
22.87	8.12635	2.57834
22.88	8.0269	2.44169
22.89	7.92739	2.31477
22.9	7.82835	2.1968
22.91	7.73016	2.08708
22.92	7.63315	1.98497
22.93	7.53755	1.88984
22.94	7.44354	1.80114
22.95	7.35126	1.71835
22.96	7.2608	1.64099
22.97	7.17222	1.56864
22.98	7.08556	1.50089
22.99	7.00083	1.43739
23	6.91803	1.37781
23.01	6.83715	1.32184
23.02	6.75816	1.26921
23.03	6.68102	1.21967
23.04	6.60571	1.173
23.05	6.53218	1.12897
23.06	6.46037	1.08741
23.07	6.39025	1.04813
23.08	6.32177	1.01098
23.09	6.25487	0.97581
23.1	6.1895	0.94248
23.11	6.12561	0.91088
23.12	6.06316	0.88089
23.13	6.00208	0.85239
23.14	5.94235	0.82531
23.15	5.8839	0.79954
23.16	5.8267	0.77501
23.17	5.77069	0.75164
23.18	5.71584	0.72937
23.19	5.66211	0.70812
23.2	5.60944	0.68783
23.21	5.55782	0.66846
23.22	5.50718	0.64995
23.23	5.45751	0.63224
23.24	5.40876	0.61531
23.25	5.3609	0.5991
23.26	5.3139	0.58357
23.27	5.26773	0.5687
23.28	5.22235	0.55445
23.29	5.17774	0.54078
23.3	5.13387	0.52766
23.31	5.09071	0.51508
23.32	5.04823	0.503
23.33	5.00642	0.4914
23.34	4.96524	0.48025
23.35	4.92468	0.46954
23.36	4.8847	0.45925
23.37	4.8453	0.44935
23.38	4.80644	0.43984
23.39	4.76811	0.43069
23.4	4.73028	0.42188
23.41	4.69295	0.41341
23.42	4.65608	0.40526
23.43	4.61967	0.39742
23.44	4.58369	0.38987
23.45	4.54813	0.3826
23.46	4.51297	0.37561
23.47	4.47819	0.36888
23.48	4.44379	0.3624
23.49	4.40974	0.35617
23.5	4.37604	0.35018
23.51	4.34266	0.34441
23.52	4.3096	0.33886
23.53	4.27684	0.33352
23.54	4.24437	0.32839
23.55	4.21217	0.32346
23.56	4.18023	0.31873
23.57	4.14855	0.31418
23.58	4.11711	0.30982
23.59	4.08589	0.30563
23.6	4.05489	0.30162
23.61	4.0241	0.29778
23.62	3.9935	0.2941
23.63	3.96308	0.29058
23.64	3.93284	0.28723
23.65	3.90276	0.28402
23.66	3.87283	0.28097
23.67	3.84305	0.27807
23.68	3.8134	0.27531
23.69	3.78387	0.2727
23.7	3.75446	0.27023
23.71	3.72515	0.2679
23.72	3.69593	0.2657
23.73	3.6668	0.26364
23.74	3.63775	0.26172
23.75	3.60876	0.25993
23.76	3.57983	0.25828
23.77	3.55094	0.25675
23.78	3.5221	0.25536
23.79	3.49328	0.2541
23.8	3.46449	0.25297
23.81	3.4357	0.25197
23.82	3.40692	0.2511
23.83	3.37812	0.25036
23.84	3.34931	0.24975
23.85	3.32047	0.24928
23.86	3.2916	0.24894
23.87	3.26267	0.24874
23.88	3.23369	0.24867
23.89	3.20465	0.24874
23.9	3.17552	0.24895
23.91	3.14631	0.2493
23.92	3.117	0.2498
23.93	3.08758	0.25045
23.94	3.05805	0.25124
23.95	3.02838	0.25219
23.96	2.99857	0.2533
23.97	2.9686	0.25458
23.98	2.93847	0.25601
23.99	2.90816	0.25762
24	2.87766	0.25941
24.01	2.84696	0.26138
24.02	2.81603	0.26354
24.03	2.78488	0.2659
24.04	2.75347	0.26846
24.05	2.72181	0.27124
24.06	2.68987	0.27424
24.07	2.65764	0.27747
24.08	2.6251	0.28094
24.09	2.59223	0.28467
24.1	2.55901	0.28866
24.11	2.52544	0.29294
24.12	2.49148	0.29751
24.13	2.45712	0.3024
24.14	2.42233	0.30762
24.15	2.3871	0.3132
24.16	2.3514	0.31915
24.17	2.31521	0.3255
24.18	2.2785	0.33228
24.19	2.24125	0.33952
24.2	2.20343	0.34725
24.21	2.16501	0.35552
24.22	2.12597	0.36435
24.23	2.08628	0.3738
24.24	2.0459	0.38393
24.25	2.00482	0.39478
24.26	1.96299	0.40642
24.27	1.92039	0.41894
24.28	1.877	0.43241
24.29	1.83279	0.44692
24.3	1.78774	0.46258
24.31	1.74185	0.47951
24.32	1.6951	0.49784
24.33	1.6475	0.51773
24.34	1.59908	0.53933
24.35	1.54989	0.56283
24.36	1.50001	0.58842
24.37	1.44954	0.61633
24.38	1.39865	0.64676
24.39	1.34756	0.67992
24.4	1.29654	0.71601
24.41	1.24592	0.75519
24.42	1.19611	0.79755
24.43	1.14756	0.8431
24.44	1.10072	0.89174
24.45	1.05603	0.94326
24.46	1.01389	0.99733
24.47	0.9746	1.05357
24.48	0.93834	1.11151
24.49	0.90518	1.17071
24.5	0.8751	1.23074
24.51	0.84799	1.2912
24.52	0.82368	1.35178
24.53	0.80198	1.41223
24.54	0.78266	1.47235
24.55	0.76553	1.53201
24.56	0.75037	1.5911
24.57	0.73701	1.64957
24.58	0.72525	1.70738
24.59	0.71496	1.76452
24.6	0.70599	1.82099
24.61	0.69823	1.87681
24.62	0.69156	1.93198
24.63	0.68589	1.98655
24.64	0.68114	2.04053
24.65	0.67724	2.09397
24.66	0.67412	2.14689
24.67	0.67174	2.19932
24.68	0.67003	2.25131
24.69	0.66896	2.30287
24.7	0.66849	2.35405
24.71	0.66859	2.40487
24.72	0.66924	2.45537
24.73	0.67039	2.50557
24.74	0.67205	2.55551
24.75	0.67418	2.60521
24.76	0.67677	2.6547
24.77	0.6798	2.704
24.78	0.68327	2.75314
24.79	0.68717	2.80214
24.8	0.69148	2.85103
24.81	0.69621	2.89983
24.82	0.70133	2.94856
24.83	0.70687	2.99725
24.84	0.7128	3.04591
24.85	0.71913	3.09456
24.86	0.72585	3.14323
24.87	0.73298	3.19193
24.88	0.74051	3.24069
24.89	0.74844	3.28952
24.9	0.75678	3.33844
24.91	0.76553	3.38748
24.92	0.7747	3.43664
24.93	0.7843	3.48594
24.94	0.79433	3.53541
24.95	0.8048	3.58506
24.96	0.81572	3.6349
24.97	0.8271	3.68496
24.98	0.83895	3.73526
24.99	0.85129	3.7858
25	0.86413	3.8366
25.01	0.87748	3.88769
25.02	0.89135	3.93908
25.03	0.90577	3.99078
25.04	0.92074	4.04282
25.05	0.9363	4.0952
25.06	0.95245	4.14795
25.07	0.96923	4.20108
25.08	0.98664	4.25461
25.09	1.00472	4.30855
25.1	1.02349	4.36292
25.11	1.04298	4.41774
25.12	1.06322	4.47302
25.13	1.08423	4.52878
25.14	1.10604	4.58503
25.15	1.1287	4.6418
25.16	1.15223	4.69908
25.17	1.17668	4.75691
25.18	1.20208	4.81529
25.19	1.22848	4.87423
25.2	1.25591	4.93376
25.21	1.28444	4.99389
25.22	1.3141	5.05462
25.23	1.34496	5.11597
25.24	1.37707	5.17795
25.25	1.41048	5.24056
25.26	1.44526	5.30382
25.27	1.48149	5.36774
25.28	1.51922	5.43231
25.29	1.55853	5.49754
25.3	1.59951	5.56343
25.31	1.64223	5.62997
25.32	1.68679	5.69717
25.33	1.73329	5.76501
25.34	1.7818	5.83348
25.35	1.83246	5.90256
25.36	1.88535	5.97222
25.37	1.94061	6.04245
25.38	1.99835	6.1132
25.39	2.0587	6.18443
25.4	2.1218	6.25609
25.41	2.18779	6.32812
25.42	2.25681	6.40044
25.43	2.32902	6.47298
25.44	2.40459	6.54563
25.45	2.48367	6.61829
25.46	2.56644	6.69082
25.47	2.65307	6.76307
25.48	2.74374	6.83489
25.49	2.83864	6.90607
25.5	2.93794	6.9764
25.51	3.04183	7.04564
25.52	3.15047	7.11351
25.53	3.26404	7.17972
25.54	3.3827	7.24393
25.55	3.50658	7.30575
25.56	3.6358	7.36479
25.57	3.77047	7.4206
25.58	3.91064	7.47268
25.59	4.05634	7.52051
25.6	4.20753	7.56354
25.61	4.36415	7.60116
25.62	4.52604	7.63276
25.63	4.69297	7.65769
25.64	4.86465	7.67528
25.65	5.04068	7.68488
25.66	5.22057	7.68585
25.67	5.40372	7.67754
25.68	5.58944	7.65939
25.69	5.77692	7.63088
25.7	5.96527	7.59157
25.71	6.15351	7.54113
25.72	6.34057	7.47936
25.73	6.52536	7.40618
25.74	6.70673	7.32167
25.75	6.88354	7.22607
25.76	7.05467	7.11979
25.77	7.21906	7.00337
25.78	7.37571	6.87752
25.79	7.52376	6.74307
25.8	7.66246	6.60097
25.81	7.7912	6.45224
25.82	7.90952	6.29797
25.83	8.01715	6.13926
25.84	8.11393	5.97723
25.85	8.19988	5.81296
25.86	8.27514	5.64747
25.87	8.33998	5.48176
25.88	8.39476	5.31669
25.89	8.43993	5.15307
25.9	8.476	4.99161
25.91	8.50353	4.83291
25.92	8.5231	4.67747
25.93	8.53532	4.52574
25.94	8.54079	4.37802
25.95	8.5401	4.23459
25.96	8.53383	4.09563
25.97	8.52253	3.96126
25.98	8.50673	3.83155
25.99	8.48692	3.70651
26	8.46356	3.58614
26.01	8.43707	3.47037
26.02	8.40786	3.35914
26.03	8.37629	3.25234
26.04	8.34267	3.14986
26.05	8.30731	3.05156
26.06	8.27048	2.95732
26.07	8.23241	2.86698
26.08	8.19334	2.78041
26.09	8.15345	2.69745
26.1	8.11291	2.61795
26.11	8.07189	2.54176
26.12	8.03051	2.46875
26.13	7.98891	2.39877
26.14	7.94718	2.33168
26.15	7.90542	2.26735
26.16	7.86371	2.20565
26.17	7.82213	2.14646
26.18	7.78074	2.08966
26.19	7.73959	2.03514
26.2	7.69874	1.98278
26.21	7.65821	1.93249
26.22	7.61805	1.88416
26.23	7.57829	1.8377
26.24	7.53895	1.79303
26.25	7.50005	1.75006
26.26	7.4616	1.70871
26.27	7.42363	1.66889
26.28	7.38614	1.63055
26.29	7.34914	1.59361
26.3	7.31264	1.55801
26.31	7.27664	1.52368
26.32	7.24115	1.49056
26.33	7.20616	1.45861
26.34	7.17167	1.42777
26.35	7.13769	1.39798
26.36	7.10421	1.36921
26.37	7.07123	1.3414
26.38	7.03874	1.31452
26.39	7.00673	1.28853
26.4	6.97522	1.26337
26.41	6.94418	1.23903
26.42	6.91361	1.21547
26.43	6.8835	1.19265
26.44	6.85386	1.17053
26.45	6.82467	1.14911
26.46	6.79592	1.12833
26.47	6.76761	1.10819
26.48	6.73973	1.08864
26.49	6.71228	1.06968
26.5	6.68524	1.05127
26.51	6.6586	1.03339
26.52	6.63237	1.01603
26.53	6.60654	0.99916
26.54	6.58109	0.98277
26.55	6.55602	0.96683
26.56	6.53132	0.95133
26.57	6.50699	0.93625
26.58	6.48301	0.92158
26.59	6.45939	0.90731
26.6	6.43611	0.89341
26.61	6.41317	0.87987
26.62	6.39056	0.86669
26.63	6.36827	0.85385
26.64	6.34631	0.84133
26.65	6.32465	0.82913
26.66	6.3033	0.81723
26.67	6.28226	0.80563
26.68	6.2615	0.79431
26.69	6.24104	0.78327
26.7	6.22086	0.7725
26.71	6.20095	0.76198
26.72	6.18132	0.75171
26.73	6.16195	0.74168
26.74	6.14284	0.73188
26.75	6.12399	0.72231
26.76	6.1054	0.71296
26.77	6.08704	0.70381
26.78	6.06893	0.69488
26.79	6.05106	0.68614
26.8	6.03342	0.67759
26.81	6.01601	0.66923
26.82	5.99882	0.66105
26.83	5.98185	0.65305
26.84	5.9651	0.64522
26.85	5.94855	0.63755
26.86	5.93222	0.63005
26.87	5.91609	0.62269
26.88	5.90016	0.61549
26.89	5.88442	0.60844
26.9	5.86888	0.60153
26.91	5.85352	0.59476
26.92	5.83835	0.58813
26.93	5.82336	0.58162
26.94	5.80855	0.57524
26.95	5.79392	0.56899
26.96	5.77946	0.56286
26.97	5.76517	0.55684
26.98	5.75104	0.55094
26.99	5.73708	0.54515
27	5.72328	0.53947
27.01	5.70963	0.5339
27.02	5.69614	0.52842
27.03	5.68281	0.52305
27.04	5.66962	0.51778
27.05	5.65658	0.5126
27.06	5.64368	0.50751
27.07	5.63093	0.50251
27.08	5.61831	0.4976
27.09	5.60584	0.49278
27.1	5.59349	0.48804
27.11	5.58128	0.48339
27.12	5.56921	0.47881
27.13	5.55725	0.47431
27.14	5.54543	0.46989
27.15	5.53373	0.46554
27.16	5.52215	0.46126
27.17	5.51069	0.45706
27.18	5.49935	0.45292
27.19	5.48813	0.44885
27.2	5.47702	0.44485
27.21	5.46603	0.44091
27.22	5.45514	0.43704
27.23	5.44436	0.43322
27.24	5.4337	0.42947
27.25	5.42313	0.42578
27.26	5.41267	0.42214
27.27	5.40232	0.41856
27.28	5.39206	0.41503
27.29	5.38191	0.41156
27.3	5.37185	0.40814
27.31	5.36189	0.40477
27.32	5.35202	0.40146
27.33	5.34225	0.39819
27.34	5.33257	0.39497
27.35	5.32298	0.3918
27.36	5.31348	0.38868
27.37	5.30407	0.3856
27.38	5.29474	0.38256
27.39	5.2855	0.37957
27.4	5.27635	0.37662
27.41	5.26728	0.37371
27.42	5.25829	0.37085
27.43	5.24938	0.36802
27.44	5.24055	0.36523
27.45	5.2318	0.36249
27.46	5.22312	0.35978
27.47	5.21453	0.3571
27.48	5.20601	0.35447
27.49	5.19756	0.35187
27.5	5.18918	0.3493
27.51	5.18088	0.34677
27.52	5.17265	0.34427
27.53	5.16449	0.34181
27.54	5.1564	0.33937
27.55	5.14838	0.33697
27.56	5.14043	0.3346
27.57	5.13254	0.33227
27.58	5.12472	0.32996
27.59	5.11696	0.32768
27.6	5.10926	0.32543
27.61	5.10163	0.32321
27.62	5.09407	0.32101
27.63	5.08656	0.31885
27.64	5.07912	0.31671
27.65	5.07173	0.31459
27.66	5.0644	0.31251
27.67	5.05714	0.31045
27.68	5.04993	0.30841
27.69	5.04277	0.3064
27.7	5.03568	0.30441
27.71	5.02863	0.30245
27.72	5.02165	0.30051
27.73	5.01472	0.29859
27.74	5.00784	0.2967
27.75	5.00101	0.29483
27.76	4.99424	0.29298
27.77	4.98752	0.29115
27.78	4.98085	0.28934
27.79	4.97423	0.28755
27.8	4.96766	0.28579
27.81	4.96113	0.28404
27.82	4.95466	0.28232
27.83	4.94824	0.28061
27.84	4.94186	0.27892
27.85	4.93553	0.27725
27.86	4.92925	0.2756
27.87	4.92301	0.27397
27.88	4.91681	0.27236
27.89	4.91067	0.27076
27.9	4.90456	0.26918
27.91	4.8985	0.26762
27.92	4.89249	0.26608
27.93	4.88651	0.26455
27.94	4.88058	0.26304
27.95	4.87469	0.26154
27.96	4.86884	0.26006
27.97	4.86303	0.2586
27.98	4.85727	0.25715
27.99	4.85154	0.25572
28	4.84585	0.2543
28.01	4.8402	0.25289
28.02	4.83459	0.2515
28.03	4.82902	0.25013
28.04	4.82348	0.24877
28.05	4.81799	0.24742
28.06	4.81253	0.24609
28.07	4.8071	0.24477
28.08	4.80172	0.24346
28.09	4.79637	0.24217
28.1	4.79105	0.24089
28.11	4.78577	0.23962
28.12	4.78052	0.23836
28.13	4.77531	0.23712
28.14	4.77013	0.23589
28.15	4.76499	0.23467
28.16	4.75988	0.23346
28.17	4.7548	0.23227
28.18	4.74976	0.23108
28.19	4.74474	0.22991
28.2	4.73976	0.22875
28.21	4.73481	0.2276
28.22	4.7299	0.22646
28.23	4.72501	0.22533
28.24	4.72015	0.22421
28.25	4.71533	0.2231
28.26	4.71053	0.22201
28.27	4.70577	0.22092
28.28	4.70103	0.21984
28.29	4.69632	0.21877
28.3	4.69164	0.21772
28.31	4.68699	0.21667
28.32	4.68237	0.21563
28.33	4.67778	0.2146
28.34	4.67321	0.21358
28.35	4.66867	0.21257
28.36	4.66416	0.21157
28.37	4.65968	0.21058
28.38	4.65522	0.20959
28.39	4.65079	0.20862
28.4	4.64639	0.20765
28.41	4.64201	0.20669
28.42	4.63766	0.20574
28.43	4.63333	0.2048
28.44	4.62903	0.20387
28.45	4.62475	0.20294
28.46	4.6205	0.20202
28.47	4.61627	0.20112
28.48	4.61207	0.20021
28.49	4.60789	0.19932
28.5	4.60373	0.19843
28.51	4.5996	0.19755
28.52	4.59549	0.19668
28.53	4.59141	0.19582
28.54	4.58735	0.19496
28.55	4.58331	0.19411
28.56	4.57929	0.19327
28.57	4.5753	0.19243
28.58	4.57132	0.1916
28.59	4.56737	0.19078
28.6	4.56345	0.18996
28.61	4.55954	0.18915
28.62	4.55566	0.18835
28.63	4.55179	0.18756
28.64	4.54795	0.18677
28.65	4.54413	0.18598
28.66	4.54033	0.1852
28.67	4.53655	0.18443
28.68	4.53279	0.18367
28.69	4.52905	0.18291
28.7	4.52533	0.18216
28.71	4.52163	0.18141
28.72	4.51795	0.18067
28.73	4.51429	0.17993
28.74	4.51065	0.1792
28.75	4.50702	0.17848
28.76	4.50342	0.17776
28.77	4.49984	0.17705
28.78	4.49627	0.17634
28.79	4.49272	0.17564
28.8	4.4892	0.17494
28.81	4.48569	0.17425
28.82	4.48219	0.17356
28.83	4.47872	0.17288
28.84	4.47526	0.17221
28.85	4.47182	0.17154
28.86	4.4684	0.17087
28.87	4.465	0.17021
28.88	4.46161	0.16955
28.89	4.45824	0.1689
28.9	4.45489	0.16826
28.91	4.45155	0.16761
28.92	4.44824	0.16698
28.93	4.44493	0.16634
28.94	4.44165	0.16572
28.95	4.43838	0.16509
28.96	4.43512	0.16447
28.97	4.43188	0.16386
28.98	4.42866	0.16325
28.99	4.42546	0.16264
29	4.42227	0.16204
29.01	4.41909	0.16145
29.02	4.41593	0.16085
29.03	4.41279	0.16026
29.04	4.40966	0.15968
29.05	4.40655	0.1591
29.06	4.40345	0.15852
29.07	4.40036	0.15795
29.08	4.39729	0.15738
29.09	4.39424	0.15682
29.1	4.3912	0.15626
29.11	4.38817	0.1557
29.12	4.38516	0.15515
29.13	4.38216	0.1546
29.14	4.37918	0.15405
29.15	4.37621	0.15351
29.16	4.37326	0.15297
29.17	4.37031	0.15244
29.18	4.36739	0.15191
29.19	4.36447	0.15138
29.2	4.36157	0.15085
29.21	4.35868	0.15033
29.22	4.35581	0.14982
29.23	4.35295	0.1493
29.24	4.3501	0.14879
29.25	4.34726	0.14829
29.26	4.34444	0.14778
29.27	4.34163	0.14728
29.28	4.33883	0.14679
29.29	4.33605	0.14629
29.3	4.33328	0.1458
29.31	4.33052	0.14532
29.32	4.32777	0.14483
29.33	4.32504	0.14435
29.34	4.32232	0.14387
29.35	4.31961	0.1434
29.36	4.31691	0.14293
29.37	4.31422	0.14246
29.38	4.31155	0.14199
29.39	4.30888	0.14153
29.4	4.30623	0.14107
29.41	4.30359	0.14061
29.42	4.30096	0.14016
29.43	4.29835	0.13971
29.44	4.29574	0.13926
29.45	4.29315	0.13881
29.46	4.29056	0.13837
29.47	4.28799	0.13793
29.48	4.28543	0.13749
29.49	4.28288	0.13705
29.5	4.28034	0.13662
29.51	4.27781	0.13619
29.52	4.2753	0.13577
29.53	4.27279	0.13534
29.54	4.27029	0.13492
29.55	4.26781	0.1345
29.56	4.26533	0.13408
29.57	4.26287	0.13367
29.58	4.26041	0.13326
29.59	4.25797	0.13285
29.6	4.25553	0.13244
29.61	4.25311	0.13204
29.62	4.2507	0.13163
29.63	4.24829	0.13123
29.64	4.2459	0.13084
29.65	4.24351	0.13044
29.66	4.24114	0.13005
29.67	4.23877	0.12966
29.68	4.23642	0.12927
29.69	4.23407	0.12888
29.7	4.23174	0.1285
29.71	4.22941	0.12812
29.72	4.2271	0.12774
29.73	4.22479	0.12736
29.74	4.22249	0.12699
29.75	4.2202	0.12662
29.76	4.21792	0.12624
29.77	4.21565	0.12588
29.78	4.21339	0.12551
29.79	4.21113	0.12515
29.8	4.20889	0.12478
29.81	4.20666	0.12442
29.82	4.20443	0.12406
29.83	4.20221	0.12371
29.84	4.2	0.12335
29.85	4.1978	0.123
29.86	4.19561	0.12265
29.87	4.19343	0.1223
29.88	4.19126	0.12196
29.89	4.18909	0.12161
29.9	4.18693	0.12127
29.91	4.18478	0.12093
29.92	4.18264	0.12059
29.93	4.18051	0.12025
29.94	4.17839	0.11992
29.95	4.17627	0.11958
29.96	4.17416	0.11925
29.97	4.17206	0.11892
29.98	4.16997	0.11859
29.99	4.16789	0.11827
30	4.16581	0.11794
30.01	4.16374	0.11762
30.02	4.16168	0.1173
30.03	4.15963	0.11698
30.04	4.15758	0.11666
30.05	4.15555	0.11635
30.06	4.15352	0.11603
30.07	4.1515	0.11572
30.08	4.14948	0.11541
30.09	4.14747	0.1151
30.1	4.14548	0.11479
30.11	4.14348	0.11449
30.12	4.1415	0.11418
30.13	4.13952	0.11388
30.14	4.13755	0.11358
30.15	4.13559	0.11328
30.16	4.13363	0.11298
30.17	4.13168	0.11268
30.18	4.12974	0.11239
30.19	4.12781	0.11209
30.2	4.12588	0.1118
30.21	4.12396	0.11151
30.22	4.12205	0.11122
30.23	4.12014	0.11093
30.24	4.11824	0.11065
30.25	4.11635	0.11036
30.26	4.11446	0.11008
30.27	4.11258	0.1098
30.28	4.11071	0.10952
30.29	4.10885	0.10924
30.3	4.10699	0.10896
30.31	4.10514	0.10868
30.32	4.10329	0.10841
30.33	4.10145	0.10813
30.34	4.09962	0.10786
30.35	4.09779	0.10759
30.36	4.09597	0.10732
30.37	4.09416	0.10705
30.38	4.09235	0.10679
30.39	4.09055	0.10652
30.4	4.08875	0.10626
30.41	4.08697	0.10599
30.42	4.08518	0.10573
30.43	4.08341	0.10547
30.44	4.08164	0.10521
30.45	4.07988	0.10495
30.46	4.07812	0.1047
30.47	4.07637	0.10444
30.48	4.07462	0.10419
30.49	4.07288	0.10393
30.5	4.07115	0.10368
30.51	4.06942	0.10343
30.52	4.0677	0.10318
30.53	4.06598	0.10293
30.54	4.06427	0.10269
30.55	4.06257	0.10244
30.56	4.06087	0.10219
30.57	4.05918	0.10195
30.58	4.05749	0.10171
30.59	4.05581	0.10147
30.6	4.05413	0.10123
30.61	4.05246	0.10099
30.62	4.0508	0.10075
30.63	4.04914	0.10051
30.64	4.04749	0.10028
30.65	4.04584	0.10004
30.66	4.0442	0.09981
30.67	4.04256	0.09958
30.68	4.04093	0.09934
30.69	4.0393	0.09911
30.7	4.03768	0.09888
30.71	4.03606	0.09866
30.72	4.03445	0.09843
30.73	4.03285	0.0982
30.74	4.03125	0.09798
30.75	4.02966	0.09775
30.76	4.02807	0.09753
30.77	4.02648	0.09731
30.78	4.0249	0.09709
30.79	4.02333	0.09687
30.8	4.02176	0.09665
30.81	4.0202	0.09643
30.82	4.01864	0.09621
30.83	4.01708	0.096
30.84	4.01554	0.09578
30.85	4.01399	0.09557
30.86	4.01245	0.09535
30.87	4.01092	0.09514
30.88	4.00939	0.09493
30.89	4.00787	0.09472
30.9	4.00635	0.09451
30.91	4.00483	0.0943
30.92	4.00332	0.09409
30.93	4.00182	0.09388
30.94	4.00032	0.09368
30.95	3.99882	0.09347
30.96	3.99733	0.09327
30.97	3.99585	0.09307
30.98	3.99437	0.09286
30.99	3.99289	0.09266
31	3.99142	0.09246
31.01	3.98995	0.09226
31.02	3.98849	0.09206
31.03	3.98703	0.09186
31.04	3.98557	0.09167
31.05	3.98412	0.09147
31.06	3.98268	0.09127
31.07	3.98124	0.09108
31.08	3.9798	0.09088
31.09	3.97837	0.09069
31.1	3.97694	0.0905
31.11	3.97552	0.09031
31.12	3.9741	0.09012
31.13	3.97269	0.08993
31.14	3.97128	0.08974
31.15	3.96987	0.08955
31.16	3.96847	0.08936
31.17	3.96707	0.08917
31.18	3.96568	0.08899
31.19	3.96429	0.0888
31.2	3.96291	0.08862
31.21	3.96153	0.08844
31.22	3.96015	0.08825
31.23	3.95878	0.08807
31.24	3.95741	0.08789
31.25	3.95605	0.08771
31.26	3.95469	0.08753
31.27	3.95333	0.08735
31.28	3.95198	0.08717
31.29	3.95063	0.08699
31.3	3.94929	0.08681
31.31	3.94795	0.08664
31.32	3.94661	0.08646
31.33	3.94528	0.08629
31.34	3.94396	0.08611
31.35	3.94263	0.08594
31.36	3.94131	0.08577
31.37	3.93999	0.08559
31.38	3.93868	0.08542
31.39	3.93737	0.08525
31.4	3.93607	0.08508
31.41	3.93477	0.08491
31.42	3.93347	0.08474
31.43	3.93218	0.08458
31.44	3.93089	0.08441
31.45	3.9296	0.08424
31.46	3.92832	0.08408
31.47	3.92704	0.08391
31.48	3.92577	0.08375
31.49	3.9245	0.08358
31.5	3.92323	0.08342
31.51	3.92196	0.08325
31.52	3.9207	0.08309
31.53	3.91945	0.08293
31.54	3.9182	0.08277
31.55	3.91695	0.08261
31.56	3.9157	0.08245
31.57	3.91446	0.08229
31.58	3.91322	0.08213
31.59	3.91198	0.08197
31.6	3.91075	0.08182
31.61	3.90952	0.08166
31.62	3.9083	0.0815
31.63	3.90708	0.08135
31.64	3.90586	0.08119
31.65	3.90464	0.08104
31.66	3.90343	0.08089
31.67	3.90223	0.08073
31.68	3.90102	0.08058
31.69	3.89982	0.08043
31.7	3.89862	0.08028
31.71	3.89743	0.08013
31.72	3.89624	0.07997
31.73	3.89505	0.07983
31.74	3.89386	0.07968
31.75	3.89268	0.07953
31.76	3.8915	0.07938
31.77	3.89033	0.07923
31.78	3.88916	0.07908
31.79	3.88799	0.07894
31.8	3.88683	0.07879
31.81	3.88566	0.07865
31.82	3.8845	0.0785
31.83	3.88335	0.07836
31.84	3.8822	0.07821
31.85	3.88105	0.07807
31.86	3.8799	0.07793
31.87	3.87876	0.07779
31.88	3.87762	0.07764
31.89	3.87648	0.0775
31.9	3.87535	0.07736
31.91	3.87422	0.07722
31.92	3.87309	0.07708
31.93	3.87196	0.07694
31.94	3.87084	0.07681
31.95	3.86972	0.07667
31.96	3.86861	0.07653
31.97	3.8675	0.07639
31.98	3.86639	0.07626
31.99	3.86528	0.07612
32	3.86417	0.07598
32.01	3.86307	0.07585
32.02	3.86198	0.07571
32.03	3.86088	0.07558
32.04	3.85979	0.07545
32.05	3.8587	0.07531
32.06	3.85761	0.07518
32.07	3.85653	0.07505
32.08	3.85545	0.07492
32.09	3.85437	0.07479
32.1	3.8533	0.07465
32.11	3.85222	0.07452
32.12	3.85115	0.07439
32.13	3.85009	0.07426
32.14	3.84902	0.07414
32.15	3.84796	0.07401
32.16	3.8469	0.07388
32.17	3.84585	0.07375
32.18	3.8448	0.07362
32.19	3.84375	0.0735
32.2	3.8427	0.07337
32.21	3.84165	0.07324
32.22	3.84061	0.07312
32.23	3.83957	0.07299
32.24	3.83854	0.07287
32.25	3.8375	0.07275
32.26	3.83647	0.07262
32.27	3.83544	0.0725
32.28	3.83442	0.07237
32.29	3.83339	0.07225
32.3	3.83237	0.07213
32.31	3.83135	0.07201
32.32	3.83034	0.07189
32.33	3.82932	0.07177
32.34	3.82831	0.07165
32.35	3.82731	0.07153
32.36	3.8263	0.07141
32.37	3.8253	0.07129
32.38	3.8243	0.07117
32.39	3.8233	0.07105
32.4	3.8223	0.07093
32.41	3.82131	0.07081
32.42	3.82032	0.0707
32.43	3.81933	0.07058
32.44	3.81835	0.07046
32.45	3.81736	0.07035
32.46	3.81638	0.07023
32.47	3.81541	0.07012
32.48	3.81443	0.07
32.49	3.81346	0.06989
32.5	3.81249	0.06977
32.51	3.81152	0.06966
32.52	3.81055	0.06955
32.53	3.80959	0.06943
32.54	3.80863	0.06932
32.55	3.80767	0.06921
32.56	3.80671	0.0691
32.57	3.80576	0.06898
32.58	3.80481	0.06887
32.59	3.80386	0.06876
32.6	3.80291	0.06865
32.61	3.80197	0.06854
32.62	3.80102	0.06843
32.63	3.80008	0.06832
32.64	3.79915	0.06821
32.65	3.79821	0.0681
32.66	3.79728	0.068
32.67	3.79635	0.06789
32.68	3.79542	0.06778
32.69	3.79449	0.06767
32.7	3.79357	0.06757
32.71	3.79264	0.06746
32.72	3.79172	0.06735
32.73	3.79081	0.06725
32.74	3.78989	0.06714
32.75	3.78898	0.06704
32.76	3.78807	0.06693
32.77	3.78716	0.06683
32.78	3.78625	0.06672
32.79	3.78535	0.06662
32.8	3.78444	0.06651
32.81	3.78354	0.06641
32.82	3.78265	0.06631
32.83	3.78175	0.06621
32.84	3.78086	0.0661
32.85	3.77996	0.066
32.86	3.77907	0.0659
32.87	3.77819	0.0658
32.88	3.7773	0.0657
32.89	3.77642	0.0656
32.9	3.77554	0.0655
32.91	3.77466	0.0654
32.92	3.77378	0.0653
32.93	3.77291	0.0652
32.94	3.77203	0.0651
32.95	3.77116	0.065
32.96	3.77029	0.0649
32.97	3.76943	0.0648
32.98	3.76856	0.0647
32.99	3.7677	0.06461
33	3.76684	0.06451
33.01	3.76598	0.06441
33.02	3.76512	0.06431
33.03	3.76427	0.06422
33.04	3.76341	0.06412
33.05	3.76256	0.06403
33.06	3.76171	0.06393
33.07	3.76087	0.06384
33.08	3.76002	0.06374
33.09	3.75918	0.06365
33.1	3.75834	0.06355
33.11	3.7575	0.06346
33.12	3.75666	0.06336
33.13	3.75583	0.06327
33.14	3.75499	0.06318
33.15	3.75416	0.06308
33.16	3.75333	0.06299
33.17	3.7525	0.0629
33.18	3.75168	0.06281
33.19	3.75085	0.06271
33.2	3.75003	0.06262
33.21	3.74921	0.06253
33.22	3.74839	0.06244
33.23	3.74758	0.06235
33.24	3.74676	0.06226
33.25	3.74595	0.06217
33.26	3.74514	0.06208
33.27	3.74433	0.06199
33.28	3.74352	0.0619
33.29	3.74271	0.06181
33.3	3.74191	0.06172
33.31	3.74111	0.06163
33.32	3.74031	0.06154
33.33	3.73951	0.06145
33.34	3.73871	0.06137
33.35	3.73792	0.06128
33.36	3.73713	0.06119
33.37	3.73633	0.0611
33.38	3.73555	0.06102
33.39	3.73476	0.06093
33.4	3.73397	0.06084
33.41	3.73319	0.06076
33.42	3.7324	0.06067
33.43	3.73162	0.06059
33.44	3.73084	0.0605
33.45	3.73007	0.06042
33.46	3.72929	0.06033
33.47	3.72852	0.06025
33.48	3.72774	0.06016
33.49	3.72697	0.06008
33.5	3.72621	0.05999
33.51	3.72544	0.05991
33.52	3.72467	0.05983
33.53	3.72391	0.05974
33.54	3.72315	0.05966
33.55	3.72239	0.05958
33.56	3.72163	0.05949
33.57	3.72087	0.05941
33.58	3.72011	0.05933
33.59	3.71936	0.05925
33.6	3.71861	0.05917
33.61	3.71786	0.05909
33.62	3.71711	0.059
33.63	3.71636	0.05892
33.64	3.71561	0.05884
33.65	3.71487	0.05876
33.66	3.71413	0.05868
33.67	3.71339	0.0586
33.68	3.71265	0.05852
33.69	3.71191	0.05844
33.7	3.71117	0.05836
33.71	3.71044	0.05828
33.72	3.70971	0.05821
33.73	3.70897	0.05813
33.74	3.70824	0.05805
33.75	3.70751	0.05797
33.76	3.70679	0.05789
33.77	3.70606	0.05781
33.78	3.70534	0.05774
33.79	3.70462	0.05766
33.8	3.7039	0.05758
33.81	3.70318	0.0575
33.82	3.70246	0.05743
33.83	3.70174	0.05735
33.84	3.70103	0.05727
33.85	3.70031	0.0572
33.86	3.6996	0.05712
33.87	3.69889	0.05705
33.88	3.69818	0.05697
33.89	3.69748	0.0569
33.9	3.69677	0.05682
33.91	3.69607	0.05675
33.92	3.69536	0.05667
33.93	3.69466	0.0566
33.94	3.69396	0.05652
33.95	3.69326	0.05645
33.96	3.69257	0.05637
33.97	3.69187	0.0563
33.98	3.69118	0.05623
33.99	3.69049	0.05615
34	3.68979	0.05608
34.01	3.6891	0.05601
34.02	3.68842	0.05594
34.03	3.68773	0.05586
34.04	3.68704	0.05579
34.05	3.68636	0.05572
34.06	3.68568	0.05565
34.07	3.685	0.05557
34.08	3.68432	0.0555
34.09	3.68364	0.05543
34.1	3.68296	0.05536
34.11	3.68228	0.05529
34.12	3.68161	0.05522
34.13	3.68094	0.05515
34.14	3.68027	0.05508
34.15	3.6796	0.05501
34.16	3.67893	0.05494
34.17	3.67826	0.05487
34.18	3.67759	0.0548
34.19	3.67693	0.05473
34.2	3.67626	0.05466
34.21	3.6756	0.05459
34.22	3.67494	0.05452
34.23	3.67428	0.05445
34.24	3.67362	0.05438
34.25	3.67297	0.05431
34.26	3.67231	0.05425
34.27	3.67166	0.05418
34.28	3.67101	0.05411
34.29	3.67035	0.05404
34.3	3.6697	0.05397
34.31	3.66905	0.05391
34.32	3.66841	0.05384
34.33	3.66776	0.05377
34.34	3.66712	0.05371
34.35	3.66647	0.05364
34.36	3.66583	0.05357
34.37	3.66519	0.05351
34.38	3.66455	0.05344
34.39	3.66391	0.05337
34.4	3.66327	0.05331
34.41	3.66264	0.05324
34.42	3.662	0.05318
34.43	3.66137	0.05311
34.44	3.66074	0.05305
34.45	3.66011	0.05298
34.46	3.65948	0.05292
34.47	3.65885	0.05285
34.48	3.65822	0.05279
34.49	3.65759	0.05272
34.5	3.65697	0.05266
34.51	3.65635	0.05259
34.52	3.65572	0.05253
34.53	3.6551	0.05247
34.54	3.65448	0.0524
34.55	3.65386	0.05234
34.56	3.65325	0.05228
34.57	3.65263	0.05221
34.58	3.65201	0.05215
34.59	3.6514	0.05209
34.6	3.65079	0.05203
34.61	3.65018	0.05196
34.62	3.64957	0.0519
34.63	3.64896	0.05184
34.64	3.64835	0.05178
34.65	3.64774	0.05171
34.66	3.64714	0.05165
34.67	3.64653	0.05159
34.68	3.64593	0.05153
34.69	3.64533	0.05147
34.7	3.64473	0.05141
34.71	3.64413	0.05135
34.72	3.64353	0.05129
34.73	3.64293	0.05122
34.74	3.64233	0.05116
34.75	3.64174	0.0511
34.76	3.64114	0.05104
34.77	3.64055	0.05098
34.78	3.63996	0.05092
34.79	3.63937	0.05086
34.8	3.63878	0.0508
34.81	3.63819	0.05074
34.82	3.6376	0.05069
34.83	3.63702	0.05063
34.84	3.63643	0.05057
34.85	3.63585	0.05051
34.86	3.63527	0.05045
34.87	3.63468	0.05039
34.88	3.6341	0.05033
34.89	3.63352	0.05027
34.9	3.63295	0.05022
34.91	3.63237	0.05016
34.92	3.63179	0.0501
34.93	3.63122	0.05004
34.94	3.63064	0.04998
34.95	3.63007	0.04993
34.96	3.6295	0.04987
34.97	3.62893	0.04981
34.98	3.62836	0.04976
34.99	3.62779	0.0497
35	3.62722	0.04964