-1.701887883245944977e-02
-5.805781856179237366e-02
-8.009865880012512207e-01
1.089543383568525314e-02
-2.544684521853923798e-02
-1.570671796798706055e-01
-4.802180081605911255e-02
0.000000000000000000e+00
-2.478128485381603241e-02
-5.191645771265029907e-02
6.206334009766578674e-02
-6.165021285414695740e-02
-5.721487104892730713e-02
5.216447263956069946e-02
-1.895274408161640167e-02
-2.742800116539001465e-02
-5.063068587332963943e-03
-4.045382499694824219e+00
-3.209287673234939575e-02
-7.770527619868516922e-03
-3.966604359447956085e-03
-1.408991124480962753e-02
-5.123004689812660217e-02
2.060144674032926559e-03
-1.278454344719648361e-02
-8.334600366652011871e-03
-1.020008325576782227e-01
-2.118407003581523895e-02
-6.320931483060121536e-03
1.103311404585838318e-02
-4.911361262202262878e-03
-2.978396229445934296e-02
-5.926057696342468262e-03
1.140495669096708298e-02
0.000000000000000000e+00
-7.095704786479473114e-03
-2.304453030228614807e-02
-9.607580304145812988e-02
-3.480692952871322632e-02
3.316210806369781494e-01
-8.591152727603912354e-03
1.191343646496534348e-02
2.337589673697948456e-02
-4.157185181975364685e-02
4.723887832369655371e-04
-1.878889277577400208e-02
5.340569186955690384e-03
-6.127023324370384216e-02
0.000000000000000000e+00
-4.353095963597297668e-02
-8.357388898730278015e-03
-1.090308185666799545e-02
0.000000000000000000e+00
-1.724846288561820984e-02
2.688124543055891991e-03
-1.494338642805814743e-02
-2.117418311536312103e-02
2.459862641990184784e-02
1.648899167776107788e-02
-5.163402110338211060e-02
-5.227189511060714722e-02
-1.283186953514814377e-02
-1.820830628275871277e-02
-6.252370309084653854e-03
-3.036401234567165375e-02
-1.421880908310413361e-02
-5.287208035588264465e-02
-1.916349120438098907e-02
-1.757739856839179993e-02
-9.485489875078201294e-02
-5.603590048849582672e-03
-7.837984710931777954e-03
-2.249203920364379883e-01
-6.258463859558105469e-01
2.905360050499439240e-02
-1.432939618825912476e-02
-3.285099565982818604e-02
-7.992416620254516602e-02
0.000000000000000000e+00
-5.315929185599088669e-03
-1.959630288183689117e-02
-1.572612905874848366e-03
-1.154736988246440887e-02
-2.574880607426166534e-02
-6.305075250566005707e-03
8.331491611897945404e-03
-4.839105904102325439e-02
-5.050873756408691406e-02
-5.279546976089477539e-02
-3.470965102314949036e-02
-2.105836058035492897e-03
-1.577194035053253174e-02
-1.108274832367897034e-01
-1.218828838318586349e-02
0.000000000000000000e+00
-2.136468514800071716e-02
-8.678223006427288055e-03
1.504922658205032349e-02
-1.900007948279380798e-02
-8.597902953624725342e-03
-5.629997234791517258e-03
-4.187119379639625549e-02
0.000000000000000000e+00
1.905650794506072998e-01
-9.578552097082138062e-03
-1.692928024567663670e-03
-2.213042229413986206e-03
-4.750631004571914673e-02
-1.130126044154167175e-02
-7.103573530912399292e-02
-4.853813350200653076e-02
-8.088590577244758606e-03
-3.046343103051185608e-02
-2.545270137488842010e-02
-1.241754647344350815e-02
-4.105958715081214905e-02
3.709078207612037659e-02
-2.864561975002288818e-02
-1.150992885231971741e-02
-8.317156694829463959e-03
-9.256445802748203278e-03
-2.003795839846134186e-02
-3.826701268553733826e-02
-2.031308412551879883e-02
-4.205623641610145569e-02
-6.028721481561660767e-02
-1.397701259702444077e-02
3.744389116764068604e-02
-3.794204816222190857e-02
-2.009569481015205383e-02
1.102559361606836319e-02
-3.509479761123657227e-02
6.734508872032165527e-01
-2.485084533691406250e-02
-2.507042884826660156e-02
-2.843423932790756226e-02
-3.556671738624572754e-02
0.000000000000000000e+00
0.000000000000000000e+00
-1.857785880565643311e-02
-1.250883564352989197e-02
-1.669663190841674805e-02
-2.119380608201026917e-02
-3.825888037681579590e-03
-2.908398211002349854e-02
7.013721019029617310e-02
-1.115152426064014435e-02
-8.359736762940883636e-03
5.546829849481582642e-02
-1.347749587148427963e-02
4.104322567582130432e-02
-1.288480907678604126e-01
-1.407270319759845734e-02
-1.225334312766790390e-02
-3.122112341225147247e-02
8.424465060234069824e-01
-1.489898003637790680e-02
-4.448115825653076172e-02
-5.904974415898323059e-03
-6.767411530017852783e-02
-1.482893340289592743e-02
-5.903698503971099854e-03
-1.794771850109100342e-02
-6.235021352767944336e-02
-4.306292627006769180e-03
-1.021796371787786484e-02
-1.489208731800317764e-02
-2.241938002407550812e-02
6.440092343837022781e-03
-2.312141656875610352e-02
4.988264441490173340e-01
-7.497953251004219055e-03
4.466930627822875977e-01
7.584657985717058182e-03
-4.203932359814643860e-02
-9.879803285002708435e-03
-2.549024298787117004e-02
-5.843080580234527588e-02
-2.561528421938419342e-02
-1.529768202453851700e-02
-5.154969915747642517e-02
-1.709351874887943268e-02
-1.045580673962831497e-02
-1.831356994807720184e-02
1.071945484727621078e-02
-3.489848852157592773e+00
-2.860133051872253418e-01
-2.078470401465892792e-02
-6.043655797839164734e-02
-2.241877280175685883e-02
-4.230231419205665588e-02
-7.051134016364812851e-03
-3.240607213228940964e-03
-6.571348011493682861e-02
-1.093411259353160858e-02
-3.707263991236686707e-02
-7.095481455326080322e-02
-2.464628219604492188e-02
-2.538052387535572052e-02
-8.637086488306522369e-03
-3.074016235768795013e-02
-1.380325201898813248e-02
-7.808090187609195709e-03
-4.332272708415985107e-02
-1.761202700436115265e-02
-1.185463927686214447e-02
-7.916412869235500693e-05
-5.969071760773658752e-03
-1.552281156182289124e-02
-7.931148633360862732e-03
-5.231726542115211487e-02
-1.408189162611961365e-02
-6.946720182895660400e-02
-9.977850131690502167e-03
1.079175114631652832e+00
-1.410870719701051712e-02
-4.021682962775230408e-02
-7.826229557394981384e-03
-6.376563012599945068e-02
-1.584121398627758026e-02
-2.520708134397864342e-03
-1.380531396716833115e-02
-1.674189046025276184e-02
6.313746329396963120e-03
-1.415292266756296158e-02
-3.757277131080627441e-02
-1.155192684382200241e-02
-4.541182145476341248e-02
-1.518818084150552750e-02
-5.519545171409845352e-03
1.831831468734890223e-04
-3.073609061539173126e-02
-2.716661058366298676e-02
-1.261117868125438690e-02
8.698116056621074677e-03
-3.598767891526222229e-02
1.332508120685815811e-02
-2.070378139615058899e-02
-1.672612875699996948e-02
-9.432635307312011719e-01
-2.527467906475067139e-02
-2.177502587437629700e-02
-2.680743299424648285e-02
-1.084666047245264053e-02
-2.302034571766853333e-02
-1.643569394946098328e-02
-2.458514086902141571e-02
-2.140666544437408447e-02
-6.475619040429592133e-03
-1.046245452016592026e-02
-1.860571466386318207e-02
-1.961569115519523621e-02
-5.891719460487365723e-02
-1.041910145431756973e-03
-8.130658417940139771e-03
-1.974893733859062195e-02
-2.041817083954811096e-02
-2.529756352305412292e-02
3.575897216796875000e-02
1.523285359144210815e-02
-3.821197152137756348e-02
-2.250116318464279175e-02
-7.176328450441360474e-02
0.000000000000000000e+00
-2.775540202856063843e-02
0.000000000000000000e+00
1.113759120926260948e-03
-5.982432961463928223e-01
-2.202963270246982574e-02
-1.598347164690494537e-02
-8.017736487090587616e-03
5.065734386444091797e-01
-1.419442519545555115e-02
-4.044038429856300354e-02
-6.282897293567657471e-02
-2.506132602691650391e+00
0.000000000000000000e+00
-2.409330010414123535e-02
-1.391857396811246872e-02
-1.994693651795387268e-02
-1.364091224968433380e-02
-2.599273808300495148e-02
-2.724709361791610718e-02
-4.322841763496398926e-03
2.013680525124073029e-02
-1.095307432115077972e-02
0.000000000000000000e+00
0.000000000000000000e+00
-4.843271803110837936e-03
1.448948308825492859e-02
-1.456305105239152908e-02
-2.404223568737506866e-02
-1.707163453102111816e-02
-4.320174455642700195e-02
-1.911921799182891846e-02
-4.059740528464317322e-02
-2.289456874132156372e-02
-8.026051521301269531e-02
-4.893568530678749084e-02
-2.997468970715999603e-02
-2.760744094848632812e-02
-1.640767790377140045e-03
-2.290396951138973236e-02
2.386177331209182739e-02
-9.887087158858776093e-03
0.000000000000000000e+00
-4.777633771300315857e-02
-1.593066379427909851e-02
-3.565517812967300415e-02
-2.946064434945583344e-02
-6.024884060025215149e-02
-2.251406200230121613e-02
-9.159209206700325012e-03
-7.101332303136587143e-03
-1.300254021771252155e-03
1.157214641571044922e+00
-5.182115361094474792e-03
-5.422699451446533203e-02
-3.267714520916342735e-03
0.000000000000000000e+00
4.940289072692394257e-04
-5.683922171592712402e-01
-4.581779707223176956e-03
-2.040942013263702393e-02
-1.981226354837417603e-02
1.157793283462524414e+00
-3.624955937266349792e-02
-5.471156165003776550e-02
-1.127415616065263748e-02
-1.264602690935134888e-02
4.262398579157888889e-04
-2.434929460287094116e-02
-5.975225940346717834e-03
-2.968636155128479004e-02
-3.347260504961013794e-02
1.311351299285888672e+00
-5.229284614324569702e-02
8.777029812335968018e-03
2.675335668027400970e-02
-4.011124372482299805e-02
-1.646613180637359619e-01
-4.573109000921249390e-02
-2.360829152166843414e-02
-3.217594325542449951e-02
-1.175509318709373474e-01
-3.892488777637481689e-02
-9.523246437311172485e-03
-5.807265639305114746e-03
1.396101117134094238e+00
-2.024961449205875397e-02
-1.472511794418096542e-02
1.269088149070739746e+00
-8.955962955951690674e-03
-4.628244414925575256e-02
1.434719073586165905e-03
-1.789941266179084778e-02
-2.766858786344528198e-02
-3.179905936121940613e-02
9.354238281957805157e-04
1.221231743693351746e-02
-4.104613512754440308e-02
-2.007826045155525208e-02
-4.341492429375648499e-02
-7.824053987860679626e-03
-1.111903507262468338e-02
-1.097260229289531708e-02
-7.940080948173999786e-03
-1.244861558079719543e-01
-5.663433577865362167e-03
-5.655094981193542480e-02
-8.520476520061492920e-03
-1.658024452626705170e-02
-2.501914463937282562e-02
-1.885906048119068146e-02
-7.621172349900007248e-03
-1.603013649582862854e-02
-1.837469078600406647e-02
-3.704804182052612305e-02
-1.665693148970603943e-02
-9.191192686557769775e-02
3.307855129241943359e-02
0.000000000000000000e+00
-2.080478519201278687e-02
-5.561649426817893982e-02
0.000000000000000000e+00
-1.109353173524141312e-02
-1.981710642576217651e-02
-4.952919110655784607e-02
-1.426894124597311020e-02
-5.508842878043651581e-03
-2.421980910003185272e-02
1.306491531431674957e-02
4.047510446980595589e-05
-7.382899057120084763e-03
-6.137430202215909958e-03
-2.879568561911582947e-02
-2.272540479898452759e-01
-5.320234224200248718e-02
-3.160953521728515625e-03
-1.035637129098176956e-02
-4.214954003691673279e-02
-2.793401479721069336e-02
-3.499355912208557129e-02
0.000000000000000000e+00
-2.868673996999859810e-03
1.772824764251708984e+00
-3.637976199388504028e-02
-1.167365349829196930e-02
-9.049922227859497070e-02
-2.293307147920131683e-02
-8.924222737550735474e-02
-1.493623852729797363e-02
-1.203065179288387299e-02
-1.371065229177474976e-01
-2.768561476841568947e-03
0.000000000000000000e+00
-4.045741166919469833e-03
-2.725613676011562347e-02
-4.600981995463371277e-02
-6.629678606986999512e-02
-2.619869634509086609e-02
-2.445047488436102867e-03
-1.589018106460571289e-02
-2.450875937938690186e-02
-2.596712147351354361e-04
1.610321402549743652e+00
-2.878440357744693756e-02
-1.037178654223680496e-02
-4.378010332584381104e-02
-1.183511409908533096e-02
-1.938405446708202362e-02
-4.874528385698795319e-03
-4.696632549166679382e-02
-3.896549716591835022e-02
-3.301326185464859009e-02
-2.172474935650825500e-02
-6.988407578319311142e-03
-1.118602603673934937e-02
-2.564283087849617004e-03
-5.733362585306167603e-02
-2.255752123892307281e-02
-1.095024030655622482e-02
-1.051072310656309128e-02
-3.671511774882674217e-03
-4.561358690261840820e-01
-8.277922170236706734e-04
-1.062510814517736435e-02
-3.570024855434894562e-03
-1.195851527154445648e-02
-3.219601884484291077e-02
-6.940649449825286865e-02
-1.182771846652030945e-02
-2.190738171339035034e-02
-4.242585599422454834e-02
-1.497456803917884827e-02
-1.122257113456726074e-02
-1.002449449151754379e-02
-9.309326298534870148e-03
-1.193517912179231644e-02
-2.794383466243743896e-02
-2.129643224179744720e-02
6.811530794948339462e-03
-1.938885636627674103e-02
-4.215263575315475464e-02
-1.410133019089698792e-02
0.000000000000000000e+00
-1.202505175024271011e-02
-1.021937187761068344e-02
-3.653305396437644958e-02
-3.158225864171981812e-02
-1.644067279994487762e-02
-2.001059614121913910e-02
0.000000000000000000e+00
-1.439963188022375107e-02
-4.837635159492492676e-02
-9.167400002479553223e-02
-4.327033646404743195e-03
-3.786727041006088257e-02
3.555692499503493309e-03
-1.255000382661819458e-02
-9.520360268652439117e-03
-6.581737101078033447e-02
-1.562603749334812164e-02
-1.837487369775772095e-01
-2.896159421652555466e-03
-2.286343835294246674e-02
-1.022993773221969604e-02
-3.562512695789337158e-01
-3.349818289279937744e-02
1.196718439459800720e-01
-2.804594486951828003e-02
-3.434599563479423523e-02
-1.337428018450737000e-02
-2.120244316756725311e-02
-3.382985293865203857e-02
-5.839965492486953735e-02
-2.298850566148757935e-02
-2.860638126730918884e-02
-5.374055355787277222e-02
-3.913069248199462891e+00
-3.102494776248931885e-02
1.336201908998191357e-03
0.000000000000000000e+00
1.994087733328342438e-02
1.111618708819150925e-02
-2.397182397544384003e-02
-2.796976640820503235e-02
-1.551442500203847885e-02
-8.845477364957332611e-03
-1.298050489276647568e-02
-2.748223394155502319e-02
2.413773722946643829e-02
0.000000000000000000e+00
-4.046971350908279419e-02
-1.065065618604421616e-02
-1.507676206529140472e-02
-8.497765287756919861e-03
-6.811701226979494095e-03
-1.242194231599569321e-02
-3.467931225895881653e-02
8.177800104022026062e-03
-1.728034950792789459e-02
6.661356091499328613e-01
-7.925172336399555206e-03
-2.245905160903930664e+00
8.323637396097183228e-02
-2.216484583914279938e-02
-1.174842845648527145e-02
-1.554585341364145279e-02
-3.471540287137031555e-03
-5.146471410989761353e-02
-9.499602764844894409e-02
-2.065384387969970703e-02
-1.643755286931991577e-02
-3.635318577289581299e-02
0.000000000000000000e+00
-1.000018883496522903e-02
-1.669743284583091736e-02
-5.122647807002067566e-02
-1.378224045038223267e-01
-6.731389462947845459e-02
-2.011227458715438843e-01
-9.084622375667095184e-03
-1.178384525701403618e-03
4.042962566018104553e-02
-1.062352117151021957e-02
-8.383345790207386017e-03
1.241302132606506348e+00
8.690676651895046234e-03
-9.786693379282951355e-03
-3.077267203480005264e-03
-1.181880105286836624e-02
-3.428085148334503174e-02
-2.295116335153579712e-02
-4.056591913104057312e-02
-2.515703625977039337e-02
-3.210485726594924927e-02
-9.311129339039325714e-03
-5.020847916603088379e-02
0.000000000000000000e+00
-2.565084025263786316e-02
-1.772726923227310181e-01
-3.119608201086521149e-02
-3.879569470882415771e-02
-4.773714393377304077e-02
-1.584028266370296478e-02
-4.694165661931037903e-03
-6.160117685794830322e-02
-4.314687848091125488e-02
-2.257131785154342651e-02
-3.182902038097381592e-01
-4.021350666880607605e-02
0.000000000000000000e+00
-6.892282366752624512e-01
-1.322858501225709915e-02
-1.573725603520870209e-02
-2.335358038544654846e-02
-2.403102815151214600e-02
-5.063295364379882812e-03
-2.159038372337818146e-02
-7.385308295488357544e-02
-1.109860744327306747e-02
2.008368730545043945e+00
-1.746988296508789062e-02
-3.131519258022308350e-02
2.488648169673979282e-04
-4.390659928321838379e-02
-1.773915253579616547e-02
-4.433983471244573593e-03
-1.021425276994705200e-01
-3.521860763430595398e-02
-5.203577876091003418e-01
1.186715006828308105e+00
-2.325986698269844055e-02
-4.845073446631431580e-02
-3.687878325581550598e-02
-2.225932432338595390e-03
-1.235816348344087601e-02
-2.711029350757598877e-02
-2.943978272378444672e-02
-3.836941346526145935e-02
-3.490678966045379639e-02
-1.848954334855079651e-02
-3.484401702880859375e-01
-1.622526161372661591e-02
-1.817332021892070770e-02
-4.185296967625617981e-02
-3.867597505450248718e-02
-2.486648596823215485e-02
-2.095662616193294525e-02
-1.227851305156946182e-02
-2.044920250773429871e-02
-7.709600329399108887e-01
-1.818545162677764893e-02
0.000000000000000000e+00
1.368560552597045898e+00
1.570434542372822762e-03
-1.368972100317478180e-02
-2.351655997335910797e-02
-6.377547979354858398e-02
-2.611529082059860229e-02
-5.754630640149116516e-02
4.118009284138679504e-02
-2.156290598213672638e-02
-3.225312754511833191e-02
-2.254718728363513947e-02
-2.316486462950706482e-02
-6.331888586282730103e-02
-1.033056993037462234e-02
-2.815274521708488464e-02
-3.028841875493526459e-02
-3.466988727450370789e-02
-4.210400953888893127e-02
-4.604068771004676819e-02
-2.538846805691719055e-02
-3.699461743235588074e-02
-1.028817892074584961e+00
-2.032055892050266266e-02
-2.096904069185256958e-02
1.246773958206176758e+00
-3.157789586111903191e-03
-1.637821085751056671e-02
-2.026365697383880615e-02
-1.916339993476867676e-02
-9.459593333303928375e-03
-5.722245550714433193e-04
-7.645096629858016968e-02
-2.136444300413131714e-02
-2.773299999535083771e-02
-1.531705446541309357e-02
-4.633675795048475266e-03
-1.459327787160873413e-01
2.902099804487079382e-04
-1.851636730134487152e-02
-5.367056280374526978e-02
-4.100963845849037170e-02
-1.233978290110826492e-02
-1.702592708170413971e-02
-1.083034294424578547e-04
-2.600872144103050232e-02
0.000000000000000000e+00
-5.468484945595264435e-03
-9.169762581586837769e-02
0.000000000000000000e+00
-8.721455931663513184e-02
-1.160908862948417664e-02
-1.139458641409873962e-02
2.360813133418560028e-02
-1.030579209327697754e-02
5.905476212501525879e-01
-6.213772110641002655e-03
0.000000000000000000e+00
-1.203392259776592255e-02
6.293581724166870117e-01
-1.409503165632486343e-02
-4.467580839991569519e-02
-6.089697033166885376e-02
-4.174009896814823151e-03
-2.019997872412204742e-02
-1.336580514907836914e-02
-9.910948574542999268e-03
-2.975384145975112915e-02
-3.887734562158584595e-02
-2.811632864177227020e-02
8.899737149477005005e-03
-6.464899331331253052e-02
-1.832804642617702484e-02
1.718180999159812927e-02
-1.452234480530023575e-02
-4.060931131243705750e-02
-2.826846763491630554e-02
-8.569552563130855560e-03
-3.164719790220260620e-02
-1.010933052748441696e-02
-3.130057096481323242e+00
-1.948616653680801392e-02
-2.383090183138847351e-02
-3.258774802088737488e-02
1.854865998029708862e-02
-5.395929887890815735e-02
-1.361429132521152496e-02
-2.369274012744426727e-02
-1.570316217839717865e-02
-2.315241657197475433e-02
-4.903783649206161499e-02
-1.380430348217487335e-02
-3.112350776791572571e-02
-1.291433349251747131e-02
-5.346225947141647339e-02
-3.898821398615837097e-02
-4.532090388238430023e-04
-2.365200594067573547e-02
-2.270245738327503204e-02
-1.554309949278831482e-02
-1.197807863354682922e-01
-8.542764000594615936e-03
-2.663932275027036667e-03
-1.587503775954246521e-02
-2.693837881088256836e-02
-9.059669100679457188e-04
-1.090197265148162842e-02
-2.055777609348297119e-02
3.595928894355893135e-03
-2.797952666878700256e-02
-4.360951483249664307e-02
1.062072999775409698e-02
-1.337575633078813553e-02
7.050185464322566986e-03
0.000000000000000000e+00
-7.698642462491989136e-02
-1.240775734186172485e-02
-6.656131893396377563e-02
-7.982387207448482513e-03
1.459553558379411697e-02
-1.664540171623229980e-02
1.280443072319030762e+00
-7.749481126666069031e-03
-1.599969528615474701e-02
-1.433483324944972992e-02
-2.739638648927211761e-02
0.000000000000000000e+00
-1.588007435202598572e-02
-2.730222232639789581e-02
-1.452378988265991211e+00
1.271462321281433105e+00
-8.731118403375148773e-03
-2.096000127494335175e-02
1.135509490966796875e+00
-1.803005300462245941e-02
-4.605709388852119446e-02
-1.639167033135890961e-02
-5.953604355454444885e-02
-1.035120617598295212e-02
-1.187784969806671143e-02
-2.321935631334781647e-02
-9.630325250327587128e-03
0.000000000000000000e+00
-3.829783201217651367e-02
-1.169259380549192429e-02
3.175735101103782654e-02
-4.005872458219528198e-02
0.000000000000000000e+00
-1.431300397962331772e-02
-9.628378320485353470e-04
8.941359072923660278e-02
-1.126813795417547226e-02
-4.805549606680870056e-02
-9.041490964591503143e-03
-1.111735682934522629e-02
-3.730560466647148132e-02
8.040100336074829102e-01
3.302023187279701233e-02
-3.208715096116065979e-02
-3.722469136118888855e-02
-2.619065809994935989e-03
-1.954747550189495087e-02
7.236599922180175781e-01
-1.338602788746356964e-02
-5.072411522269248962e-02
3.045422956347465515e-03
-1.478124968707561493e-02
-3.665906563401222229e-02
-2.667204663157463074e-02
1.270742341876029968e-02
4.174993373453617096e-03
-3.690817952156066895e-02
-1.368866581469774246e-02
-1.314801257103681564e-02
-2.245135977864265442e-02
-2.081238850951194763e-02
1.887008734047412872e-02
-3.093138709664344788e-02
3.946182841900736094e-04
7.621885277330875397e-03
-3.026454895734786987e-02
-3.684055060148239136e-02
-2.700046636164188385e-02
-3.812902793288230896e-02
-5.228371620178222656e-01
-2.862759307026863098e-02
-2.098328201100230217e-03
1.166151743382215500e-02
-1.884776167571544647e-02
3.121249843388795853e-03
-3.256431967020034790e-02
3.630805993452668190e-03
-1.763973385095596313e-02
-2.050081640481948853e-02
-3.747020289301872253e-02
-5.503593385219573975e-02
0.000000000000000000e+00
-7.649675942957401276e-03
-8.534277975559234619e-02
-3.094020113348960876e-02
-1.170167326927185059e-02
-9.738475084304809570e-03
-6.053830031305551529e-03
-2.030002884566783905e-02
-3.176848217844963074e-02
-2.794422768056392670e-02
4.131898880004882812e-01
-2.712355926632881165e-02
-2.219682792201638222e-03
-2.413921616971492767e-02
-4.130765050649642944e-02
-1.553689036518335342e-02
-2.766839601099491119e-02
-8.371519856154918671e-03
-6.914863828569650650e-03
-5.495669320225715637e-03
-7.885035872459411621e-02
-1.840076060034334660e-03
-5.089592933654785156e-01
-4.505003616213798523e-02
-1.250269562005996704e-01
-2.053796127438545227e-02
-7.304357830435037613e-03
2.469739317893981934e-02
1.185761415399610996e-03
-3.252118453383445740e-02
-7.572513818740844727e-02
-2.631712704896926880e-02
-8.059234358370304108e-03
2.477338537573814392e-03
-1.028636749833822250e-02
-1.182809099555015564e-02
-3.727606311440467834e-02
-5.261136963963508606e-02
-2.428668178617954254e-02
-1.551466342061758041e-02
0.000000000000000000e+00
-8.330557611770927906e-04
-7.990540936589241028e-03
-1.125588640570640564e-02
-1.958709955215454102e-02
-8.070484735071659088e-03
1.732027769088745117e+00
-5.768755450844764709e-03
-1.725415512919425964e-02
4.582286626100540161e-02
-4.246924072504043579e-03
0.000000000000000000e+00
-4.195309802889823914e-02
-8.006618358194828033e-03
-1.615986786782741547e-02
-8.205667138099670410e-02
-3.161985427141189575e-02
-3.625740529969334602e-03
-5.709577351808547974e-02
-3.368915989995002747e-02
-7.879411801695823669e-03
-2.352731861174106598e-02
-2.519287541508674622e-02
0.000000000000000000e+00
-1.929704472422599792e-02
-5.791390780359506607e-03
-6.913653109222650528e-03
-1.126312557607889175e-02
-2.161179296672344208e-02
-2.431608363986015320e-02
-3.972026705741882324e-02
-4.080606251955032349e-02
-5.486344452947378159e-03
-3.376327082514762878e-02
-5.313670262694358826e-02
-2.361292950809001923e-02
-3.621191531419754028e-02
-1.128471363335847855e-02
-1.102010440081357956e-02
-1.060937810689210892e-02
0.000000000000000000e+00
-4.548900295048952103e-03
-2.330232784152030945e-02
-4.727427363395690918e-01
-9.871807880699634552e-03
-7.112859748303890228e-03
-1.657506823539733887e-02
-1.408427953720092773e-02
-6.568668875843286514e-03
0.000000000000000000e+00
-1.121789515018463135e-01
-1.539007201790809631e-02
-2.832062914967536926e-02
1.322511676698923111e-02
1.819968700408935547e+00
-2.559791505336761475e-02
9.097737073898315430e-01
-2.585748955607414246e-02
-1.215565111488103867e-02
-2.499727346003055573e-02
-1.506160665303468704e-02
1.264219045639038086e+00
-1.201358251273632050e-02
-2.660268358886241913e-02
0.000000000000000000e+00
-7.857606746256351471e-03
-3.586528822779655457e-02
-1.437876466661691666e-02
-4.647743701934814453e-02
-1.787929609417915344e-02
-1.670951582491397858e-02
-3.000620752573013306e-02
-2.448766492307186127e-02
-1.965520717203617096e-02
8.836801163852214813e-03
-2.417222037911415100e-02
1.198687195777893066e+00
-1.267595738172531128e-01
-1.974309794604778290e-02
-1.668275147676467896e-02
-6.522678304463624954e-03
-2.680753171443939209e-02
-1.631878018379211426e-01
-3.438498377799987793e-01
-6.001039966940879822e-02
-3.993665426969528198e-02
-1.626142859458923340e-02
-2.313588187098503113e-02
-9.363330900669097900e-03
-4.556031897664070129e-03
-8.628449589014053345e-02
-1.144882757216691971e-02
-2.063870802521705627e-02
3.415520489215850830e-01
-2.232109196484088898e-02
0.000000000000000000e+00
1.302712364122271538e-03
-2.978209592401981354e-02
-8.510760217905044556e-02
0.000000000000000000e+00
1.077324803918600082e-02
-3.872902691364288330e-02
-2.571411896497011185e-03
-2.355486899614334106e-02
-3.923969715833663940e-02
-9.728295728564262390e-03
-2.370896190404891968e-02
-1.849422417581081390e-02
-4.684626683592796326e-02
-1.536960303783416748e-01
-3.897732123732566833e-02
-7.284491322934627533e-03
-2.631356380879878998e-02
-8.200984448194503784e-03
-8.521509356796741486e-03
-6.935214623808860779e-03
-6.909104529768228531e-03
-9.168937057256698608e-02
-1.108819153159856796e-02
2.923368513584136963e-01
-3.722220659255981445e-02
-1.751139201223850250e-02
4.145530983805656433e-03
-4.949476942420005798e-02
-1.890613511204719543e-02
-3.215710818767547607e-02
-3.739948570728302002e-02
-3.195876255631446838e-02
-3.353071224410086870e-04
-1.674790494143962860e-02
0.000000000000000000e+00
3.377154842019081116e-02
-1.731470227241516113e-02
-4.725411906838417053e-02
-5.502957850694656372e-02
-5.151077359914779663e-02
-1.548337098211050034e-02
-1.530056260526180267e-02
4.372288659214973450e-02
-1.929236762225627899e-02
-3.455808386206626892e-02
-1.513312105089426041e-02
-1.858223788440227509e-02
-1.234190631657838821e-02
-1.117217019200325012e-01
9.364501237869262695e-01
1.121240761131048203e-02
-2.754555083811283112e-02
-3.106004558503627777e-02
1.449053168296813965e+00
-2.456916868686676025e-02
-1.124320365488529205e-02
2.298789471387863159e-02
-1.500706467777490616e-02
8.921918869018554688e-01
-1.672726869583129883e-02
-5.278046727180480957e-01
1.453648328781127930e+00
-3.012260049581527710e-02
-1.258545089513063431e-02
-7.905558496713638306e-02
-1.902414113283157349e-02
-2.543579787015914917e-02
-1.313559710979461670e-01
-1.066587585955858231e-02
-5.938256159424781799e-02
-2.626142092049121857e-02
-3.924972191452980042e-02
-2.256804378703236580e-03
-3.342070430517196655e-02
9.072669744491577148e-01
-1.772500202059745789e-02
-1.146232932806015015e-01
-6.643374916166067123e-03
-1.409644540399312973e-02
6.034175399690866470e-03
-1.241051126271486282e-02
-6.552724167704582214e-03
-2.263273671269416809e-02
-1.059410441666841507e-02
-3.074370883405208588e-02
-1.541691087186336517e-02
-3.985550999641418457e-02
-2.032620459794998169e-02
8.739766664803028107e-03
-2.899117767810821533e-02
-4.537215083837509155e-02
-4.695045202970504761e-02
-3.376480937004089355e-02
-1.380138564854860306e-02
-5.827482044696807861e-02
1.034700512886047363e+00
-1.622053608298301697e-02
-5.920637026429176331e-02
-3.057377785444259644e-02
-3.315742686390876770e-02
-4.320341721177101135e-02
1.142315864562988281e+00
-1.150701567530632019e-02
-8.759344369173049927e-02
-2.537238784134387970e-02
1.960529573261737823e-02
-4.277228191494941711e-02
-1.965468935668468475e-02
-1.903085224330425262e-02
-5.713413283228874207e-02
-1.831233501434326172e-02
1.222890568897128105e-03
3.786853631027042866e-04
7.314687827602028847e-04
-2.819669432938098907e-02
-1.865684799849987030e-02
-8.445373922586441040e-02
-1.836874894797801971e-02
-1.337166968733072281e-02
-2.602654322981834412e-02
-1.099477056413888931e-02
-2.149185165762901306e-02
-4.073407035320997238e-03
-2.793706208467483521e-02
-3.275373205542564392e-02
-5.362691357731819153e-02
-1.703887432813644409e-02
-1.826373510994017124e-03
2.590177580714225769e-02
-9.725226089358329773e-03
6.172448862344026566e-03
-4.127177968621253967e-02
-1.795879751443862915e-02
0.000000000000000000e+00
-4.556673765182495117e-02
-5.425784736871719360e-03
-1.951643265783786774e-02
-1.659959554672241211e-02
-9.312028996646404266e-03
-2.753959223628044128e-02
-1.774330809712409973e-02
-3.236358612775802612e-02
-2.354346215724945068e-02
-4.646494984626770020e-03
-3.209184855222702026e-02
-2.873101457953453064e-02
-3.665778040885925293e-02
1.154252886772155762e-02
-1.588031277060508728e-02
-2.851124480366706848e-02
-3.803551942110061646e-02
-4.395361989736557007e-02
-1.654253900051116943e-02
-2.336362935602664948e-02
-1.769179292023181915e-02
0.000000000000000000e+00
2.150610461831092834e-02
-3.685029596090316772e-02
1.105837821960449219e+00
-3.473553434014320374e-02
-2.944355830550193787e-02
9.688518941402435303e-03
4.828405100852251053e-03
-7.939121127128601074e-02
-7.954652607440948486e-02
-9.644631296396255493e-03
4.164608940482139587e-02
-1.381246745586395264e-02
0.000000000000000000e+00
-4.160203784704208374e-02
-2.533604204654693604e-02
-2.005085907876491547e-02
-4.133450239896774292e-02
-4.968604538589715958e-03
-7.824744097888469696e-03
-1.220106985419988632e-02
-2.108239009976387024e-02
1.170007791370153427e-02
-3.187562525272369385e-02
2.557260915637016296e-02
-2.807985804975032806e-02
-2.038420736789703369e-02
-1.880964450538158417e-02
0.000000000000000000e+00
-1.279349345713853836e-02
-6.765623576939105988e-03
-1.308703329414129257e-02
-2.092937007546424866e-02
-8.693501353263854980e-03
-4.239734262228012085e-02
-2.590477094054222107e-02
-5.891852080821990967e-02
2.766898600384593010e-03
-6.600710004568099976e-02
-2.041965909302234650e-02
-9.255746379494667053e-03
-2.319706790149211884e-02
-4.677937552332878113e-02
-5.909168347716331482e-02
2.417965733911842108e-04
-8.202107623219490051e-03
-3.901519998908042908e-02
-2.096484042704105377e-02
-1.652153208851814270e-02
-3.050172142684459686e-02
-7.603359222412109375e-02
7.894590962678194046e-04
-2.333676815032958984e-02
9.233146905899047852e-01
-2.305422350764274597e-02
1.798684954643249512e+00
-2.955309301614761353e-02
-2.369367145001888275e-02
-3.704606294631958008e+00
-2.929867245256900787e-03
0.000000000000000000e+00
5.256967619061470032e-02
-1.530152373015880585e-02
-1.624185033142566681e-02
-1.669223234057426453e-02
4.910879302769899368e-03
8.021130226552486420e-03
-2.573096193373203278e-02
1.454744255170226097e-03
-1.895120181143283844e-02
-9.620499797165393829e-03
1.388361454010009766e+00
-6.214077025651931763e-02
-1.332535408437252045e-02
6.168627878651022911e-04
1.277048233896493912e-02
-1.591075956821441650e-02
-4.343779385089874268e-02
-8.427400141954421997e-03
-3.265454620122909546e-02
-6.758917868137359619e-02
-1.747013442218303680e-02
1.718534342944622040e-02
-1.186484750360250473e-02
-5.050253868103027344e-02
-3.580427914857864380e-02
0.000000000000000000e+00
-3.369629755616188049e-02
-5.089328624308109283e-03
8.376452140510082245e-03
0.000000000000000000e+00
-4.493897408246994019e-02
-5.943692475557327271e-02
-1.280553406104445457e-03
-6.869467906653881073e-03
-5.971859209239482880e-03
1.296760201454162598e+00
1.264961156994104385e-02
-6.374855339527130127e-02
-1.315398067235946655e-01
0.000000000000000000e+00
-1.887037605047225952e-02
-5.932797193527221680e-01
-1.069928868673741817e-03
-7.585523277521133423e-02
5.912252664566040039e-01
-6.341595668345689774e-03
5.751803051680326462e-03
-5.211422219872474670e-02
0.000000000000000000e+00
-1.048392709344625473e-02
-2.057764492928981781e-02
-4.672345146536827087e-02
-7.924462668597698212e-03
-2.848998829722404480e-02
-1.391911357641220093e-01
-2.650769799947738647e-02
0.000000000000000000e+00
-5.145222693681716919e-02
-6.496363878250122070e-02
-1.608134992420673370e-02
-3.720672428607940674e-02
-2.506260573863983154e-02
1.630470529198646545e-02
-8.337005972862243652e-03
-2.185907028615474701e-02
-4.766444116830825806e-02
2.929856302216649055e-03
-3.662860766053199768e-02
-1.778792217373847961e-02
-1.087188720703125000e-02
-1.926950179040431976e-02
-1.559577416628599167e-02
-4.029698669910430908e-02
-1.703070849180221558e-02
-4.336661472916603088e-02
-9.025864303112030029e-02
-3.291714936494827271e-02
-1.349918991327285767e-01
-5.925649777054786682e-03
-8.641367778182029724e-03
-1.494672242552042007e-02
-1.872503943741321564e-02
0.000000000000000000e+00
-3.849113360047340393e-02
-1.402923185378313065e-02
-8.198852092027664185e-02
-5.656166747212409973e-02
0.000000000000000000e+00
-3.984030708670616150e-02
-9.843018837273120880e-03
-7.556741591542959213e-03
-1.356660127639770508e-01
-6.636464595794677734e-02
-8.296788334846496582e-01
-4.601975902915000916e-02
-7.891549728810787201e-03
-2.151885628700256348e-02
-2.686824649572372437e-02
-3.213560581207275391e-02
-6.583563983440399170e-02
-3.282306343317031860e-02
7.402717471122741699e-01
-4.006751999258995056e-02
-2.285407856106758118e-02
-1.867583394050598145e-02
-1.030221115797758102e-02
-1.572705991566181183e-02
1.455460935831069946e-01
-3.716054931282997131e-02
-8.822995238006114960e-03
0.000000000000000000e+00
-2.921237237751483917e-02
-1.385010406374931335e-02
-1.736380532383918762e-02
-1.952710933983325958e-02
4.900388717651367188e-01
5.017186515033245087e-03
-9.313656017184257507e-03
-3.775218129158020020e-02
-1.459416467696428299e-02
-1.865749247372150421e-02
-1.164074987173080444e-02
-9.373227134346961975e-03
-7.660160772502422333e-03
-1.746957004070281982e-02
-2.079980913549661636e-03
-5.862379446625709534e-03
-3.790310025215148926e-02
-3.144139051437377930e-02
1.899080909788608551e-02
0.000000000000000000e+00
-2.139267325401306152e-02
-2.748752199113368988e-02
-1.849008724093437195e-02
-6.295588798820972443e-03
-1.625332608819007874e-02
-4.902992770075798035e-02
-1.269759386777877808e-01
-7.364661898463964462e-03
5.071999430656433105e-01
-9.503750130534172058e-03
-1.173455547541379929e-02
-1.467474829405546188e-02
-2.055808156728744507e-02
-3.677048161625862122e-02
-1.711578480899333954e-02
1.372086405754089355e+00
-5.101717077195644379e-03
-4.033448547124862671e-02
-5.421128589659929276e-03
-6.289316341280937195e-03
-9.377277456223964691e-03
3.083792282268404961e-03
-2.336121536791324615e-02
-1.239710021764039993e-02
-1.143626347184181213e-01
4.791988134384155273e-01
-1.974233426153659821e-02
-1.620854809880256653e-02
8.586391210556030273e-01
-3.239250183105468750e-02
-1.848815008997917175e-02
-2.740616351366043091e-02
-2.292398922145366669e-02
-1.991043798625469208e-02
-2.001195587217807770e-02
-3.963193390518426895e-03
-4.373491555452346802e-02
7.355946581810712814e-03
-2.439132705330848694e-02
-1.112560555338859558e-02
-1.017644908279180527e-02
-9.811127558350563049e-03
-3.897674754261970520e-02
2.240228891372680664e+00
1.614867895841598511e-02
-1.269182283431291580e-02
-6.879291497170925140e-03
-4.816497489809989929e-02
-2.764745149761438370e-03
-7.007578760385513306e-02
-8.854431100189685822e-03
-1.440468430519104004e-01
0.000000000000000000e+00
-5.426756292581558228e-02
-4.047341272234916687e-02
-4.933577496558427811e-03
-4.402029793709516525e-03
-1.270617097616195679e-01
-2.553639747202396393e-02
-4.609050229191780090e-02
-3.403996303677558899e-02
-1.183818443678319454e-03
-3.583792364224791527e-03
-4.576987586915493011e-03
-2.068434283137321472e-02
-3.244118019938468933e-02
-1.049598157405853271e-01
-4.700320214033126831e-02
-2.764086611568927765e-02
-1.569325663149356842e-02
-1.700795441865921021e-02
-2.551796659827232361e-02
2.176735736429691315e-02
-1.166691910475492477e-02
-3.474991396069526672e-02
-1.009474873542785645e+00
0.000000000000000000e+00
1.241779088973999023e+00
-1.310138963162899017e-02
-4.590337164700031281e-03
-1.615726947784423828e-02
-3.779511526226997375e-02
-7.310821861028671265e-02
-2.046643383800983429e-02
-1.122496649622917175e-02
-1.500246487557888031e-02
-2.507641911506652832e-02
-8.115763776004314423e-03
-3.973619267344474792e-02
-3.204182907938957214e-02
-1.001472119241952896e-02
-3.013442084193229675e-02
-6.646690517663955688e-02
-7.624707650393247604e-03
1.538958549499511719e+00
-4.583275318145751953e-02
-1.570153981447219849e-02
0.000000000000000000e+00
-3.939006477594375610e-03
1.407516360282897949e+00
8.687136173248291016e-01
-3.733044490218162537e-02
-1.624018885195255280e-02
-7.977261207997798920e-03
-7.581190764904022217e-02
0.000000000000000000e+00
-4.344934970140457153e-02
1.285092711448669434e+00
-1.555135240778326988e-03
-1.983313076198101044e-02
-2.494865283370018005e-02
1.332790357992053032e-03
-1.993509754538536072e-02
-4.693699628114700317e-02
-1.571055129170417786e-02
1.006657816469669342e-02
1.482293847948312759e-02
-8.445699699223041534e-03
-3.757190331816673279e-02
-3.818668797612190247e-02
-3.195741772651672363e-02
-8.550155907869338989e-02
-3.262045606970787048e-02
-3.192342072725296021e-02
-4.335815459489822388e-02
-7.116663269698619843e-03
-1.416489202529191971e-02
-1.846452616155147552e-02
1.903955101966857910e+00
2.766557931900024414e-01
-1.934606023132801056e-02
-4.479774832725524902e-02
-1.282852143049240112e-02
-5.719558149576187134e-02
6.904967594891786575e-04
-8.576837135478854179e-04
-5.962552502751350403e-03
-1.541871484369039536e-02
-2.452890761196613312e-02
-4.362636804580688477e-02
6.835393309593200684e-01
0.000000000000000000e+00
2.950640767812728882e-02
-1.309147179126739502e-01
-1.464813295751810074e-02
-8.058308809995651245e-02
-1.750936746597290039e+00
-1.794023998081684113e-02
-5.274264141917228699e-03
-5.939998198300600052e-03
-2.179636992514133453e-02
-5.188493989408016205e-03
-1.431733816862106323e-01
-6.717216968536376953e-02
8.770626154728233814e-04
-9.087283164262771606e-03
-7.133910432457923889e-03
-4.010887444019317627e-02
1.816167123615741730e-02
-3.652493283152580261e-02
-1.774955540895462036e-02
-5.926808342337608337e-02
-4.527674056589603424e-03
-2.718514204025268555e-02
5.569912027567625046e-04
-1.087563298642635345e-02
3.643415635451674461e-03
-1.636032015085220337e-02
-1.107397396117448807e-02
-7.288275286555290222e-03
-4.196910932660102844e-02
-1.370370853692293167e-02
-4.173975437879562378e-02
-5.525306984782218933e-02
-1.600609347224235535e-02
-2.762336470186710358e-02
-5.297724623233079910e-03
-1.412285864353179932e-02
-1.654105074703693390e-02
-1.320786774158477783e-02
-1.809254288673400879e-02
-1.048751827329397202e-02
-5.340548604726791382e-02
-1.839071363210678101e-01
-6.625548750162124634e-02
-1.205441262573003769e-02
-1.193600334227085114e-02
-1.192711479961872101e-02
6.537965033203363419e-03
5.567650776356458664e-03
5.575021263211965561e-03
7.425312884151935577e-03
-3.891859948635101318e-02
5.761908292770385742e-01
-3.035340271890163422e-02
-4.554941784590482712e-03
-2.157879807054996490e-02
-4.483941197395324707e-02
-4.199878871440887451e-02
-2.462511882185935974e-02
-3.822463750839233398e-02
2.090350491926074028e-03
-1.430155243724584579e-02
4.630197882652282715e-01
-4.369254037737846375e-02
-9.541365504264831543e-02
-1.641351543366909027e-02
-1.940853893756866455e-02
-1.051847543567419052e-02
-5.614833440631628036e-03
6.840887479484081268e-03
-5.464985594153404236e-02
-1.507230103015899658e-01
-5.781461298465728760e-02
-9.029609151184558868e-03
-1.691697910428047180e-02
6.264953408390283585e-03
-1.635361276566982269e-02
-5.699229892343282700e-03
-8.815763890743255615e-02
-2.675328589975833893e-02
-3.149373084306716919e-02
-2.637483179569244385e-02
0.000000000000000000e+00
-3.659827634692192078e-02
-4.765210300683975220e-02
1.492558002471923828e+00
-3.450089693069458008e-02
-4.162727296352386475e-02
-1.122545171529054642e-02
-9.033263660967350006e-03
-9.686176665127277374e-03
7.314229151234030724e-04
-6.622750777751207352e-03
-2.253240346908569336e-02
-1.314250286668539047e-03
-8.157012984156608582e-03
-1.350228022783994675e-02
-4.805728793144226074e-02
-5.865515209734439850e-03
-1.427510473877191544e-02
-8.076716214418411255e-02
-4.128395393490791321e-02
-3.114673309028148651e-02
-1.348568219691514969e-02
-2.264052256941795349e-02
-1.218014769256114960e-02
-2.018878981471061707e-02
-1.974186487495899200e-02
-2.646925300359725952e-02
-1.217320840805768967e-02
-3.980290144681930542e-02
-2.764762379229068756e-02
1.055277943611145020e+00
-3.087891452014446259e-02
-1.407522894442081451e-02
-3.563240170478820801e-02
-5.620514042675495148e-03
-1.009071618318557739e-02
-6.858751177787780762e-02
-1.193958334624767303e-02
-2.776267006993293762e-02
-1.068466436117887497e-02
-8.299353532493114471e-03
-1.491282135248184204e-02
-6.213473621755838394e-03
-5.466705560684204102e-02
1.530908048152923584e-02
-1.157607696950435638e-02
-1.442225556820631027e-02
-2.903214283287525177e-02
-3.175425827503204346e-01
-2.066800929605960846e-02
-7.804843783378601074e-02
-2.136580646038055420e-02
-1.091643120162189007e-03
-2.173123136162757874e-02
-2.910680696368217468e-02
-2.928117103874683380e-02
-4.922923818230628967e-02
-1.858735457062721252e-02
-7.884749025106430054e-02
-1.534576248377561569e-02
1.593201071955263615e-03
-6.768597289919853210e-03
0.000000000000000000e+00
-1.373985409736633301e-02
-2.576445043087005615e-01
-2.847066149115562439e-02
0.000000000000000000e+00
-4.256932437419891357e-02
-3.397179767489433289e-02
-2.590161003172397614e-02
-1.399872731417417526e-02
-1.990721747279167175e-02
-1.404219772666692734e-02
-3.443184867501258850e-02
-1.140858512371778488e-02
-1.082909014075994492e-02
0.000000000000000000e+00
-1.059067808091640472e-02
-2.577901817858219147e-02
-6.382070016115903854e-03
-2.015747688710689545e-02
-1.048386376351118088e-02
3.520288318395614624e-02
-1.918143592774868011e-02
-1.765244826674461365e-02
8.169902488589286804e-03
-7.576715946197509766e-01
2.424522116780281067e-02
-3.844845294952392578e-02
-2.465113811194896698e-02
-5.220901966094970703e-02
-1.530647836625576019e-02
7.221733685582876205e-03
-1.807316765189170837e-02
-1.995745673775672913e-02
-4.358898699283599854e-01
1.874952227808535099e-03
-1.573488116264343262e-02
-9.553045779466629028e-02
-4.708464443683624268e-02
-1.709357276558876038e-02
-1.568379439413547516e-02
-1.990176737308502197e-02
-3.136283531785011292e-02
-2.427385747432708740e-02
-1.956861093640327454e-02
0.000000000000000000e+00
-6.493023037910461426e-02
1.523469947278499603e-02
-1.045966707170009613e-02
-1.395557820796966553e-02
-2.224752120673656464e-02
2.939205849543213844e-03
-1.291369367390871048e-02
5.992881059646606445e-01
6.295432336628437042e-03
8.374811150133609772e-03
-4.210826382040977478e-02
-3.224646300077438354e-02
0.000000000000000000e+00
-1.945680379867553711e-02
-1.037611253559589386e-02
-1.577746868133544922e-02
-1.681374907493591309e-01
-1.208225730806589127e-02
-1.712810993194580078e-02
-2.072896063327789307e-02
-2.221874147653579712e-02
-1.888323947787284851e-02
0.000000000000000000e+00
-2.266100235283374786e-02
6.341334898024797440e-03
-2.250360511243343353e-02
-6.652767956256866455e-02
8.870606310665607452e-03
-1.046011876314878464e-02
-1.983384415507316589e-02
-2.169732190668582916e-02
-4.686075448989868164e-02
-1.055574789643287659e-02
-4.507014900445938110e-02
-3.355653584003448486e-02
0.000000000000000000e+00
-1.072148606181144714e-02
-6.953639443963766098e-03
1.656792126595973969e-02
4.658150020986795425e-03
4.582277312874794006e-02
-9.127968922257423401e-03
-5.286310240626335144e-02
-2.385918796062469482e-02
-7.827269285917282104e-02
-2.531736157834529877e-02
-1.904413662850856781e-02
3.596725761890411377e-01
-2.440734863281250000e+00
-1.135172415524721146e-02
-5.490314215421676636e-02
-6.818738300353288651e-03
-1.169211696833372116e-02
0.000000000000000000e+00
-1.779610849916934967e-02
5.317617207765579224e-02
-2.767152152955532074e-02
-2.916611917316913605e-02
-4.907308612018823624e-03
-2.077868878841400146e-01
-5.064744036644697189e-03
-1.865762099623680115e-02
-2.014513686299324036e-02
-1.251700334250926971e-02
7.346139755100011826e-03
-5.148838460445404053e-02
-1.560585200786590576e-02
-3.226921334862709045e-02
0.000000000000000000e+00
-5.228768102824687958e-03
6.914541125297546387e-02
-2.753256447613239288e-02
-7.244919892400503159e-03
-8.634117431938648224e-03
-9.159489534795284271e-03
-1.611922122538089752e-02
-1.423644553869962692e-02
-2.971188165247440338e-02
9.795913472771644592e-03
6.013003177940845490e-03
-1.736322231590747833e-02
-4.512681439518928528e-02
0.000000000000000000e+00
-2.608638815581798553e-02
-5.211437121033668518e-03
-3.360179066658020020e-02
-7.478513754904270172e-03
0.000000000000000000e+00
1.861605420708656311e-02
0.000000000000000000e+00
-5.638508126139640808e-03
-5.502129439264535904e-03
-1.607822068035602570e-02
-1.785906031727790833e-02
-1.847337372601032257e-02
-1.244421675801277161e-02
-1.091604977846145630e-01
4.162106197327375412e-03
-1.040469575673341751e-02
-2.243445627391338348e-02
-2.022439241409301758e-02
1.230172161012887955e-02
8.219352960586547852e-01
-1.647334545850753784e-02
-3.143690153956413269e-02
-4.657883662730455399e-03
-4.215606488287448883e-03
-1.845359802246093750e-02
-3.502385923638939857e-03
-3.498180583119392395e-02
0.000000000000000000e+00
-1.671079918742179871e-02
-2.644397132098674774e-02
-4.325281362980604172e-03
-7.315396331250667572e-03
-4.110016673803329468e-02
-4.399894922971725464e-02
-1.205219421535730362e-02
-2.595712989568710327e-02
-4.549791291356086731e-02
-3.853070735931396484e-02
-9.468097239732742310e-03
-2.847758308053016663e-02
-2.044945023953914642e-02
-2.141572907567024231e-02
-3.860934637486934662e-03
-1.875738613307476044e-02
-1.488820184022188187e-02
-3.793284669518470764e-02
8.334851264953613281e-01
0.000000000000000000e+00
-2.408118546009063721e-02
2.572346106171607971e-02
-3.040011972188949585e-02
-2.120583783835172653e-03
-1.316456124186515808e-02
-1.864282488822937012e-01
-1.773720234632492065e-02
-2.489908412098884583e-02
-6.979787349700927734e-02
-3.496880456805229187e-02
-1.163236331194639206e-02
-7.998926192522048950e-02
-2.003527991473674774e-02
-7.845721207559108734e-03
0.000000000000000000e+00
3.232976421713829041e-02
7.790555246174335480e-04
-2.269659191370010376e-02
-4.264138638973236084e-02
7.429101504385471344e-03
-4.060617089271545410e-02
-4.882398061454296112e-03
-6.453491281718015671e-03
-3.886462002992630005e-02
-1.968524046242237091e-02
9.277668595314025879e-01
4.505534172058105469e-01
-1.747538894414901733e-02
-1.628694869577884674e-02
-2.218739688396453857e-02
-4.573624953627586365e-02
1.595827867276966572e-03
-2.768448553979396820e-02
-1.033200398087501526e-01
-5.659638438373804092e-03
-7.855314761400222778e-03
-2.625469490885734558e-02
-6.934612058103084564e-03
7.910221815109252930e-01
-1.215322408825159073e-02
-1.117656379938125610e-02
-1.897142454981803894e-02
-2.777294814586639404e-01
-4.807306919246912003e-03
-1.459876820445060730e-02
-3.721867129206657410e-02
-7.216241955757141113e-02
0.000000000000000000e+00
-3.632351383566856384e-02
-9.773838333785533905e-03
-2.581024169921875000e-01
-3.370688110589981079e-02
-4.627650976181030273e-02
-5.500362720340490341e-03
-1.794696599245071411e-02
-1.489283051341772079e-02
-2.236099913716316223e-02
-3.648466244339942932e-02
-2.556821890175342560e-02
-1.315683722496032715e-01
8.913041092455387115e-03
0.000000000000000000e+00
0.000000000000000000e+00
-2.916004955768585205e-01
-1.437567640095949173e-02
-4.503748193383216858e-02
-3.171647898852825165e-03
-2.689318172633647919e-02
5.012304522097110748e-03
-2.076478675007820129e-02
-3.036794811487197876e-02
-3.911862149834632874e-02
-3.890501707792282104e-02
-3.034337237477302551e-02
-1.530335191637277603e-02
1.300552021712064743e-02
-1.361416280269622803e-02
-5.798551440238952637e-02
-1.657839864492416382e-02
-1.496087107807397842e-02
0.000000000000000000e+00
-1.581163704395294189e-02
-1.826522126793861389e-02
-4.189120978116989136e-02
-2.307808212935924530e-02
-4.894323647022247314e-03
-1.121864095330238342e-02
1.095709577202796936e-02
-6.962651852518320084e-03
-6.101960316300392151e-02
-7.453035563230514526e-03
-1.239721663296222687e-02
-1.899498887360095978e-02
-7.136911898851394653e-02
-1.861146092414855957e-02
-1.060533802956342697e-02
-3.137440420687198639e-03
-1.382274273782968521e-02
-2.862587012350559235e-02
-5.822607781738042831e-03
-2.496840432286262512e-02
-1.593727245926856995e-02
-6.234981119632720947e-02
-2.042523212730884552e-02
-1.788993552327156067e-02
-8.397312834858894348e-03
9.524467587471008301e-02
-6.729584652930498123e-03
1.425828691571950912e-02
-1.845260523259639740e-02
1.339462678879499435e-02
-1.611305214464664459e-02
-1.045280043035745621e-02
-1.057170331478118896e-02
-3.972484916448593140e-02
-9.267637506127357483e-03
-1.953286118805408478e-02
-1.572153717279434204e-02
-1.660467241890728474e-03
-3.291459754109382629e-02
0.000000000000000000e+00
-2.157391980290412903e-02
-3.069251216948032379e-02
-3.458464145660400391e-02
-1.827890239655971527e-02
-2.287915721535682678e-02
3.494214415550231934e-01
-9.634532965719699860e-03
4.659375250339508057e-01
2.078696489334106445e+00
1.522016525268554688e-01
-7.599662058055400848e-04
-4.284568503499031067e-02
3.010178543627262115e-02
-2.104364149272441864e-02
-7.234630584716796875e-01
-1.096762716770172119e-02
2.974396049976348877e-01
-3.382709622383117676e-02
-1.166231743991374969e-02
-9.251220151782035828e-03
-5.795950442552566528e-02
-9.378476999700069427e-03
-3.654925525188446045e-02
0.000000000000000000e+00
4.473612643778324127e-03
-3.082871250808238983e-02
-5.526181682944297791e-02
-2.285823225975036621e-02
-1.828548684716224670e-02
-2.689292840659618378e-02
3.757489621639251709e-01
-9.967646561563014984e-03
-1.344577409327030182e-02
-2.041874453425407410e-02
-1.996942050755023956e-02
-1.729789003729820251e-02
-4.291239008307456970e-02
-2.581059932708740234e-02
-1.640360616147518158e-02
-2.861731126904487610e-02
1.387975178658962250e-02
-4.804505780339241028e-02
-1.307823602110147476e-02
-2.997257933020591736e-02
-5.851889029145240784e-03
-9.623257443308830261e-03
-1.582383550703525543e-02
-4.859169200062751770e-02
-2.705716155469417572e-02
-1.461019814014434814e-01
4.933274816721677780e-03
-1.523588411509990692e-02
-2.683708630502223969e-02
-1.905117556452751160e-02
-1.455390267074108124e-02
-1.296906359493732452e-02
-1.624524593353271484e-02
2.047255448997020721e-02
-1.064012385904788971e-02
-9.205064177513122559e-02
8.672080636024475098e-01
1.301862183026969433e-03
0.000000000000000000e+00
-2.727017924189567566e-02
-5.591911729425191879e-03
-4.365004226565361023e-02
-2.988264337182044983e-02
-6.841402035206556320e-03
-3.385472809895873070e-03
-2.504142001271247864e-02
-1.196103263646364212e-02
-5.888673942536115646e-03
-5.800199136137962341e-02
-3.143717721104621887e-02
-8.463111706078052521e-03
5.293485149741172791e-02
-1.037180423736572266e-02
1.732526463456451893e-03
-5.422987043857574463e-02
-2.764711342751979828e-02
-6.074215285480022430e-03
-1.541863009333610535e-02
4.369653016328811646e-02
-1.751792244613170624e-02
-7.498947530984878540e-02
-5.722089670598506927e-03
-1.859015226364135742e-02
-4.310229048132896423e-02
-3.338845446705818176e-02
5.860040895640850067e-03
5.986543837934732437e-03
-1.448652334511280060e-02
-1.841785851866006851e-03
-2.465832233428955078e-02
4.011228308081626892e-02
-1.123513560742139816e-02
-2.043092390522360802e-03
-9.700134396553039551e-03
-2.183968387544155121e-02
-1.882168464362621307e-02
-2.404704503715038300e-02
-1.836473308503627777e-02
-1.220974139869213104e-02
-9.871533140540122986e-03
-5.189770017750561237e-04
-1.278451737016439438e-02
-9.610274806618690491e-03
8.640595078468322754e-01
1.236746832728385925e-02
4.602998960763216019e-03
-1.325418357737362385e-03
-1.920969970524311066e-02
-3.860715031623840332e-02
-1.757991127669811249e-02
-6.241818889975547791e-03
-5.431335419416427612e-02
-1.410778611898422241e-02
-1.433371566236019135e-02
1.278263607673579827e-05
-2.630173973739147186e-02
-1.035979576408863068e-02
-4.899196326732635498e-02
0.000000000000000000e+00
-5.350532010197639465e-02
4.910695366561412811e-03
