-4.473179951310157776e-02
-4.885015636682510376e-02
-1.784642785787582397e-01
8.540085554122924805e-01
-5.394452810287475586e-01
-7.723543047904968262e-01
4.393284916877746582e-01
-2.880243360996246338e-01
-1.617053598165512085e-01
-3.055553883314132690e-02
-1.922034621238708496e-01
-4.261144101619720459e-01
-2.986249625682830811e-01
6.414006352424621582e-01
-3.129060268402099609e-01
-5.748037695884704590e-01
-5.264460444450378418e-01
-2.995634078979492188e-01
1.156473904848098755e-01
-3.103469908237457275e-01
4.955055117607116699e-01
2.713618576526641846e-01
-1.313156962394714355e+00
-5.202750563621520996e-01
-3.907253444194793701e-01
-3.105620443820953369e-01
2.151527442038059235e-02
7.886973619461059570e-01
-3.720625340938568115e-01
-1.126008272171020508e+00
7.406672835350036621e-01
2.397215664386749268e-01
-1.189720630645751953e+00
2.131933867931365967e-01
-1.632843971252441406e+00
-2.115791887044906616e-01
6.921314001083374023e-01
3.693797886371612549e-01
5.259984135627746582e-01
3.002324104309082031e-01
1.810486912727355957e-01
5.334727764129638672e-01
7.370687127113342285e-01
-1.219636321067810059e+00
1.450280398130416870e-01
-5.769053101539611816e-01
-2.866874337196350098e-01
-9.555653333663940430e-01
1.753226816654205322e-01
6.113138794898986816e-01
4.287106394767761230e-01
-7.046706080436706543e-01
-3.328339755535125732e-01
3.880028724670410156e-01
4.123241081833839417e-02
-7.950837612152099609e-01
-6.011400222778320312e-01
6.386402845382690430e-01
2.437978088855743408e-01
-1.671070307493209839e-01
-5.400117635726928711e-01
2.427066415548324585e-01
5.299811959266662598e-01
-2.075464725494384766e-01
6.786932796239852905e-02
1.368089914321899414e-01
-5.435982942581176758e-01
5.801694393157958984e-01
-6.501492857933044434e-01
-1.642895191907882690e-01
-3.983063995838165283e-01
5.296809673309326172e-01
-1.117324352264404297e+00
5.543300509452819824e-01
-2.506723105907440186e-01
1.396912187337875366e-01
-5.302687883377075195e-01
1.984446868300437927e-02
2.263947017490863800e-02
-1.196399331092834473e+00
-2.578408384579233825e-05
-7.004529237747192383e-01
5.117045044898986816e-01
4.917614534497261047e-02
-3.214625716209411621e-01
-1.082145571708679199e+00
-1.230658218264579773e-01
5.865690112113952637e-02
7.454958558082580566e-01
-3.648664355278015137e-01
-3.788855969905853271e-01
3.998532295227050781e-01
-5.540791153907775879e-01
3.129096329212188721e-01
1.906808316707611084e-01
-7.282841801643371582e-01
-3.760539591312408447e-01
-2.031988352537155151e-01
1.949577964842319489e-02
-3.166573941707611084e-01
