-1.443316936492919922e+00
-9.030615091323852539e-01
-1.460934519767761230e+00
-2.654218673706054688e+00
-9.665591716766357422e-01
-5.383510142564773560e-02
-3.604709804058074951e-01
-1.014486432075500488e+00
-1.203926354646682739e-01
-8.741908073425292969e-01
-8.795702457427978516e-01
-1.434135913848876953e+00
3.822966665029525757e-02
-4.317185282707214355e-01
-3.873875364661216736e-02
5.771553516387939453e-01
6.632561087608337402e-01
-1.340769827365875244e-01
-1.425554156303405762e+00
-4.180803000926971436e-01
1.153717488050460815e-01
-8.604887127876281738e-02
-5.475743412971496582e-01
-6.724759936332702637e-01
5.227160453796386719e-01
-8.444517254829406738e-01
9.558119177818298340e-01
-2.675236761569976807e-01
1.114737018942832947e-01
-7.369666695594787598e-01
1.192781180143356323e-01
-1.393810749053955078e+00
-7.138751745223999023e-01
-7.991288900375366211e-01
-8.690361380577087402e-01
3.274509906768798828e-01
-6.442781686782836914e-01
-1.478376626968383789e+00
-1.135687809437513351e-02
4.372623264789581299e-01
-7.076186537742614746e-01
-4.101739451289176941e-02
-6.312316060066223145e-01
-5.515535473823547363e-01
-1.508514761924743652e+00
-3.447894454002380371e-01
2.515043616294860840e-01
-1.480261236429214478e-01
-5.192295908927917480e-01
-1.105783343315124512e+00
1.156843081116676331e-01
-5.001084804534912109e-01
-8.554902076721191406e-01
-1.470200896263122559e+00
-2.302556037902832031e-01
-1.781186938285827637e+00
2.878547906875610352e-01
1.268089264631271362e-01
-3.259471654891967773e-01
2.152960374951362610e-02
2.287814617156982422e-01
-3.939493596553802490e-01
-3.040037453174591064e-01
-9.537220001220703125e-01
-7.223627716302871704e-02
-1.722798794507980347e-01
6.431623697280883789e-01
1.207858994603157043e-01
-3.148338496685028076e-01
-1.014790296554565430e+00
-2.172328904271125793e-02
9.140685945749282837e-02
-9.507036209106445312e-01
4.719989374279975891e-02
6.053013727068901062e-03
-5.475417971611022949e-01
-5.540251731872558594e-01
2.396315485239028931e-01
-1.590555161237716675e-02
-1.457018971443176270e+00
1.369085907936096191e+00
2.521356046199798584e-01
-2.696826308965682983e-02
-2.261842340230941772e-01
-5.041640996932983398e-01
6.669262051582336426e-02
-4.850241541862487793e-01
-3.054995536804199219e-01
-1.458375900983810425e-01
-3.761647269129753113e-02
-1.728608012199401855e-01
-2.031392097473144531e+00
8.337476849555969238e-01
-1.082394272089004517e-01
-5.616729855537414551e-01
-6.745852828025817871e-01
-9.278603792190551758e-01
-1.477646231651306152e+00
-7.343665361404418945e-01
-5.296473503112792969e-01
