-3.632102161645889282e-02
-3.184664621949195862e-02
-2.542249858379364014e-01
-6.007983908057212830e-02
-3.644188493490219116e-02
-7.073143031448125839e-03
-3.974116221070289612e-02
-4.559922032058238983e-03
-2.099722474813461304e-01
-1.791821569204330444e-01
-4.420977458357810974e-02
-4.709248617291450500e-02
-6.321042776107788086e-02
3.909777849912643433e-03
-2.348991036415100098e-01
-5.299760773777961731e-02
-2.450369000434875488e-01
-1.699079386889934540e-02
-2.236601591110229492e+00
-3.980936110019683838e-02
-4.018809273838996887e-02
-1.665014587342739105e-02
-2.427230961620807648e-02
-3.191709145903587341e-02
-2.551054023206233978e-02
-9.958450682461261749e-03
-3.356450051069259644e-02
-2.526313439011573792e-02
-4.088656231760978699e-02
-4.176021739840507507e-02
-1.066078320145606995e-01
-6.992560625076293945e-02
1.127031911164522171e-02
-6.781793385744094849e-02
-5.822163447737693787e-02
3.709109872579574585e-02
9.674298167228698730e-01
-1.682234257459640503e-01
-5.065541714429855347e-02
-3.262037038803100586e-02
-8.668073266744613647e-02
-2.047896012663841248e-02
-2.305024303495883942e-02
-8.106418251991271973e-01
-1.984092965722084045e-02
-1.878790743649005890e-02
4.952399432659149170e-02
-4.694985970854759216e-02
-3.474390879273414612e-02
-1.518664807081222534e-01
1.695839501917362213e-02
-1.024434156715869904e-02
-2.829774655401706696e-02
-1.517396047711372375e-02
-4.236823320388793945e-02
-9.215606749057769775e-02
-3.110513091087341309e-02
-4.905803129076957703e-02
-5.975885689258575439e-02
-2.840305678546428680e-02
3.171263635158538818e-02
-3.981291502714157104e-02
-3.092988207936286926e-02
-5.037771165370941162e-02
-2.711655199527740479e-01
-3.422903642058372498e-02
1.547710690647363663e-02
-2.058659866452217102e-02
2.139137592166662216e-03
-2.353454008698463440e-02
-2.620740607380867004e-02
-3.226966410875320435e-02
-1.097956523299217224e-01
-5.398474633693695068e-02
-3.256619349122047424e-02
-2.329103350639343262e-01
-4.078898727893829346e-01
-3.290593624114990234e-02
-1.190878450870513916e-01
-4.797904193401336670e-02
-1.540761720389127731e-02
6.895571947097778320e-02
-1.273258030414581299e-02
-2.750822715461254120e-02
-4.737750068306922913e-02
-1.415027827024459839e-01
3.261854499578475952e-02
-3.562140464782714844e-02
-2.774662710726261139e-02
-3.721720725297927856e-02
-1.899870187044143677e-01
-4.433747380971908569e-02
-6.378841400146484375e-02
-5.982763599604368210e-03
-1.397201120853424072e-01
-3.774948418140411377e-02
-5.871400609612464905e-02
-6.548514589667320251e-03
-3.341102227568626404e-02
-3.459016233682632446e-02
-3.560807183384895325e-02
-3.247787803411483765e-02
-1.660553179681301117e-02
-2.790820412337779999e-02
-1.988124102354049683e-02
2.255786908790469170e-03
-6.343555450439453125e-02
-4.572356045246124268e-01
-1.011407095938920975e-02
-6.644561141729354858e-02
-2.723807282745838165e-02
-3.039186634123325348e-02
-1.740429252386093140e-01
3.104649856686592102e-02
-3.840115293860435486e-02
-5.544080585241317749e-02
1.637711405754089355e+00
-7.121669501066207886e-02
-2.826960943639278412e-02
2.014566026628017426e-02
-4.332165420055389404e-02
-1.502763628959655762e-01
1.885578751564025879e+00
2.414533853530883789e+00
-7.469040900468826294e-02
-1.824605837464332581e-02
-3.083486296236515045e-02
-3.425043821334838867e-02
6.590308248996734619e-02
-7.348019629716873169e-02
7.616544025950133801e-04
-4.939824342727661133e-03
-1.692280024290084839e-01
-3.092538118362426758e-01
-2.261531911790370941e-02
-3.308209031820297241e-02
8.383406400680541992e-01
2.334764786064624786e-02
-2.478833198547363281e+00
-9.427590966224670410e-01
-8.041118383407592773e-01
-3.710673004388809204e-02
-4.398496076464653015e-02
-2.368189394474029541e-02
-3.626121953129768372e-02
-3.573604300618171692e-02
-2.339093014597892761e-02
-2.059085108339786530e-02
-4.377293959259986877e-02
-1.896995934657752514e-03
-4.184458404779434204e-02
-2.807569876313209534e-02
-3.428873792290687561e-02
-2.345897555351257324e-01
-3.198250755667686462e-02
-3.372369334101676941e-02
-3.132386505603790283e-02
-5.046147480607032776e-02
-3.894242644309997559e-02
-1.756593119353055954e-03
-5.624026432633399963e-02
-5.157572031021118164e-02
-3.956934064626693726e-02
-6.221014261245727539e-02
-2.272929668426513672e+00
-4.486842826008796692e-02
-2.584510110318660736e-02
-2.476182579994201660e-02
-2.638223469257354736e-01
-3.398460522294044495e-02
-1.927312463521957397e-01
-7.146228104829788208e-02
-2.922452799975872040e-02
-3.885912895202636719e-02
-2.550561167299747467e-02
-3.027948178350925446e-02
-7.030543684959411621e-02
-3.320726007223129272e-02
-1.051308989524841309e+00
-4.700030013918876648e-02
-5.121220648288726807e-02
-1.036408990621566772e-01
2.535292319953441620e-02
-4.146992415189743042e-02
2.176522975787520409e-03
-4.116323590278625488e-02
-5.482859909534454346e-02
-4.765386283397674561e-01
5.601139273494482040e-03
-3.347546234726905823e-02
-8.932099491357803345e-02
-4.487487301230430603e-02
-1.497754603624343872e-01
-9.094778448343276978e-02
-4.941685125231742859e-02
2.250730432569980621e-02
-5.303466320037841797e-02
-3.149595856666564941e-02
-1.751017808914184570e+00
-5.068299546837806702e-02
-2.306667342782020569e-02
-1.540074467658996582e+00
-3.971088305115699768e-02
-4.892894998192787170e-02
-4.358279332518577576e-02
-2.973167411983013153e-02
-3.581764400005340576e-01
-7.132472097873687744e-02
-2.392384596168994904e-02
-3.919217735528945923e-02
-1.653344780206680298e-01
6.717253476381301880e-03
-4.300792887806892395e-02
-5.106431897729635239e-03
-2.862979471683502197e-02
3.586700931191444397e-02
-3.482213616371154785e-02
-2.627420797944068909e-02
-5.287804454565048218e-02
-3.142098337411880493e-02
-2.589508593082427979e-01
-5.098914355039596558e-02
-5.941290855407714844e+00
-8.698206543922424316e-01
-3.490276262164115906e-02
-3.501089662313461304e-02
-4.248811677098274231e-02
-5.894767493009567261e-02
-1.431777980178594589e-02
-3.580016642808914185e-02
-2.841459035873413086e+00
-4.214524477720260620e-02
-2.549052797257900238e-02
-3.133707493543624878e-02
-2.716879248619079590e-01
-2.014379799365997314e-01
2.638426376506686211e-03
-6.195743009448051453e-02
-5.362235940992832184e-03
3.790318220853805542e-02
-6.783408671617507935e-02
-3.601326420903205872e-02
-7.120921742171049118e-03
-7.314549386501312256e-02
-5.009836331009864807e-02
-3.623841330409049988e-02
-5.663095414638519287e-02
-1.937236078083515167e-02
-2.237647026777267456e-01
-4.659386351704597473e-02
6.107195615768432617e-01
-6.132836639881134033e-02
-3.887958079576492310e-02
-2.434472553431987762e-02
-2.333737164735794067e-01
-1.629532217979431152e+00
-2.241133525967597961e-02
-4.739960283041000366e-02
-5.571028683334589005e-03
-5.297534167766571045e-02
-4.319330677390098572e-02
-2.559561282396316528e-02
-3.937178105115890503e-02
-3.391783311963081360e-02
-1.297235637903213501e-01
-3.352829068899154663e-02
-4.075353965163230896e-02
-2.870670519769191742e-02
-3.986618295311927795e-02
5.462809279561042786e-02
-4.729636386036872864e-02
-4.309812188148498535e-02
-5.100068077445030212e-02
-2.937684021890163422e-02
6.256777644157409668e-01
-3.075515478849411011e-02
2.174974791705608368e-02
-9.669627994298934937e-03
-4.595054686069488525e-02
-3.791452944278717041e-02
2.575661242008209229e-02
3.264317288994789124e-02
-3.562423959374427795e-02
-3.423665463924407959e-02
-1.787484250962734222e-02
-3.759380057454109192e-02
-3.621540963649749756e-02
-5.822812765836715698e-02
-1.826184988021850586e-02
-3.031380772590637207e-01
-5.055733397603034973e-02
-4.503258317708969116e-02
-3.121586516499519348e-02
-3.911377117037773132e-02
-8.095729351043701172e-02
-3.440815508365631104e-01
3.149219155311584473e-01
-4.907401651144027710e-02
-2.845692075788974762e-02
-4.023602232336997986e-02
-1.887103728950023651e-02
-2.811578102409839630e-02
-2.739664912223815918e-01
-2.346152439713478088e-02
-9.694491326808929443e-02
-5.985692024230957031e+00
-3.497027233242988586e-02
-5.994066596031188965e-03
3.425145149230957031e-02
-2.211427688598632812e-02
-5.208283662796020508e-02
-9.940678253769874573e-03
-4.206990078091621399e-02
-3.326105326414108276e-02
-6.994175910949707031e-02
-3.373947739601135254e-02
-6.428058445453643799e-02
5.392233654856681824e-02
-5.771291255950927734e-02
-1.766437292098999023e-02
-1.429787278175354004e+00
-4.075245931744575500e-02
-4.336053505539894104e-02
-2.981918491423130035e-02
-2.868755720555782318e-02
-3.551475331187248230e-02
-1.307245939970016479e-01
-3.661597892642021179e-02
-6.070783734321594238e-02
-4.934051632881164551e-02
-2.909658849239349365e-02
-7.007467746734619141e-02
-8.221906423568725586e-02
3.939444944262504578e-02
-2.590033411979675293e-02
-4.563245922327041626e-02
-8.789569139480590820e-03
-3.384044393897056580e-02
-3.542640060186386108e-02
-2.005885355174541473e-02
-1.485458947718143463e-02
4.351943731307983398e-02
-4.997973516583442688e-02
-3.595236316323280334e-02
-4.509923234581947327e-02
-6.511578708887100220e-02
-3.397694975137710571e-02
-2.710729837417602539e-02
-8.382935076951980591e-03
-4.068434238433837891e-02
-4.559998959302902222e-02
1.105984300374984741e-01
-9.227807521820068359e-01
-2.640614472329616547e-02
-3.693935647606849670e-02
1.241983294486999512e+00
-2.289578132331371307e-02
-3.256497159600257874e-02
-6.920479238033294678e-02
-2.975933626294136047e-02
-9.295977652072906494e-02
2.013717219233512878e-02
-7.880397140979766846e-02
-1.600659824907779694e-02
-9.808409027755260468e-03
-3.232594206929206848e-02
3.122439421713352203e-02
-4.370218515396118164e-02
-3.458553925156593323e-02
2.477182447910308838e-02
1.684826612472534180e-02
2.392027759924530983e-03
-2.283494919538497925e-02
-3.146907687187194824e-02
1.096015330404043198e-02
-2.279179170727729797e-02
1.785117015242576599e-02
2.554482698440551758e+00
-2.803709730505943298e-02
-2.443837001919746399e-02
-5.228106677532196045e-02
-3.960708156228065491e-02
-1.398573815822601318e-01
-1.661505401134490967e-01
-5.103095620870590210e-02
1.388118136674165726e-02
-3.503145650029182434e-02
-2.404975146055221558e-02
-1.040759682655334473e-02
-2.776011228561401367e-01
-4.027564451098442078e-02
-5.475573241710662842e-02
1.818566799163818359e+00
-1.989871822297573090e-02
-1.163619570434093475e-02
1.224023461341857910e+00
-1.747752428054809570e-01
-3.616051748394966125e-02
-2.747674286365509033e-01
-2.703933604061603546e-02
-6.018958240747451782e-02
-1.638506054878234863e+00
-7.821998745203018188e-02
7.852820679545402527e-03
-2.517730370163917542e-02
-3.735786303877830505e-02
-5.833910778164863586e-02
-5.277863889932632446e-02
-2.093919552862644196e-02
-2.658023126423358917e-02
3.800326585769653320e-02
-5.986997857689857483e-02
-2.683976106345653534e-02
-1.172611862421035767e-01
6.956745870411396027e-03
-3.721789270639419556e-02
-1.058045864105224609e+00
-2.502928115427494049e-02
-2.240885235369205475e-02
-6.579459458589553833e-02
4.418759047985076904e-02
-3.730921819806098938e-02
-3.958124294877052307e-02
-6.949321180582046509e-02
-9.646445512771606445e-02
-3.334342315793037415e-02
-1.993933506309986115e-02
2.599640376865863800e-02
-1.133774042129516602e+00
-2.453814074397087097e-02
6.382518913596868515e-03
-3.632865846157073975e-02
2.473172359168529510e-02
-2.705640159547328949e-02
-4.359450936317443848e-02
-1.604616455733776093e-02
-3.836250677704811096e-02
-3.743395954370498657e-02
-4.358248040080070496e-02
-3.075338900089263916e-02
-7.145145442336797714e-03
-2.254094555974006653e-02
-3.514297679066658020e-02
-2.576679229736328125e+00
-4.866997152566909790e-02
-1.727134436368942261e-01
-2.368272840976715088e-02
-3.181381523609161377e-02
-1.078792102634906769e-02
6.923827528953552246e-01
-3.126277402043342590e-02
-5.953583493828773499e-02
-3.937786445021629333e-02
-1.087501179426908493e-02
-3.457646444439888000e-02
-3.755330806598067284e-03
-1.911971345543861389e-02
-3.295719623565673828e-02
6.856795400381088257e-02
-1.940715871751308441e-02
-5.367827787995338440e-02
-1.397574245929718018e-01
-7.692269235849380493e-02
-1.020338293164968491e-02
-5.382708273828029633e-03
-1.082395985722541809e-01
-3.594225645065307617e-02
-7.695841137319803238e-03
-9.494846314191818237e-02
5.236604437232017517e-02
-7.791236788034439087e-02
-4.568306729197502136e-02
-7.918307185173034668e-02
-7.263586670160293579e-02
-4.396152123808860779e-02
-1.683871001005172729e-01
-3.971784189343452454e-02
-7.614576816558837891e-02
-3.527086600661277771e-02
-4.388879984617233276e-02
-2.273933291435241699e-01
-2.908919937908649445e-02
-2.035252451896667480e-01
-6.586018204689025879e-02
-2.032252401113510132e-02
-4.768919944763183594e-02
-5.187357068061828613e-01
-3.097616694867610931e-02
-6.319987773895263672e-02
-1.023560203611850739e-02
-8.513710461556911469e-03
-2.186617106199264526e-01
1.427753329277038574e+00
-4.213279858231544495e-02
-1.022863462567329407e-01
-4.580209776759147644e-02
-4.809430241584777832e-02
-5.675218999385833740e-02
-6.170273199677467346e-02
-2.775902673602104187e-02
-5.234944075345993042e-02
-3.273644298315048218e-02
5.419108271598815918e-01
-5.363302677869796753e-02
-3.555486351251602173e-02
-5.208737403154373169e-02
-4.250818118453025818e-02
-3.370859846472740173e-02
-1.562441736459732056e-01
1.470950804650783539e-02
-4.557167738676071167e-02
-4.576004669070243835e-02
-3.645507246255874634e-02
-4.284397140145301819e-02
-3.594713285565376282e-02
-3.693526610732078552e-02
-4.261242598295211792e-02
-3.574676811695098877e-02
-2.451957436278462410e-03
-3.638795763254165649e-02
-2.567186392843723297e-02
2.783914096653461456e-02
-2.430222183465957642e-02
-2.373634837567806244e-02
-8.129903078079223633e-01
-3.937369585037231445e-02
-9.990297257900238037e-02
-4.438882693648338318e-02
-9.959740936756134033e-02
-2.639439702033996582e-02
-2.723737433552742004e-02
-1.867721416056156158e-02
-1.009875675663352013e-03
-1.606343239545822144e-01
-2.865865454077720642e-02
-1.783623732626438141e-02
-4.278628528118133545e-02
-6.462670117616653442e-02
-1.686898022890090942e-01
-1.997580938041210175e-02
-3.989676479250192642e-03
-5.980296060442924500e-03
-5.259369686245918274e-02
-4.333297163248062134e-02
-2.900869213044643402e-02
-1.494744122028350830e-01
-7.756913453340530396e-02
-1.452232480049133301e+00
-1.223019719123840332e+00
-4.876654967665672302e-02
-3.237781286239624023e+00
-3.251731395721435547e-02
-3.104791603982448578e-02
4.201927687972784042e-03
-3.912209346890449524e-02
-2.679049968719482422e-02
-6.598676741123199463e-02
-1.928855180740356445e+00
-4.860219359397888184e-02
3.083381988108158112e-02
-3.846791386604309082e-02
-4.602686688303947449e-02
-4.432878643274307251e-02
-5.771065503358840942e-02
-2.576163038611412048e-02
-1.214838176965713501e-01
1.195815801620483398e+00
-4.620477184653282166e-02
-7.103411853313446045e-02
-1.849264800548553467e-01
-6.602565944194793701e-02
-3.928614035248756409e-02
-3.727241978049278259e-02
-7.776771206408739090e-03
1.534844160079956055e+00
-8.336950093507766724e-03
-3.540255501866340637e-02
3.607730567455291748e-02
-4.503423348069190979e-02
-5.280398204922676086e-02
-2.405660971999168396e-02
-4.803084433078765869e-01
-3.584317862987518311e-02
3.749983757734298706e-02
4.646459594368934631e-02
-7.310067862272262573e-02
-1.919916123151779175e-01
4.270708654075860977e-03
-3.727451711893081665e-02
-4.344821348786354065e-02
-2.964159660041332245e-02
-4.057708382606506348e-02
-8.779673576354980469e-01
3.674592822790145874e-02
-6.849033236503601074e-01
-2.502031810581684113e-02
-3.397924080491065979e-02
-3.353228420019149780e-02
-2.142179012298583984e-02
-4.133655875921249390e-02
-3.765757009387016296e-02
-4.193622618913650513e-02
3.529413789510726929e-02
-2.706652134656906128e-02
-1.703194156289100647e-02
-3.126167878508567810e-02
-2.199359051883220673e-02
-2.217362225055694580e-01
-4.258981347084045410e-02
-2.478389628231525421e-02
-1.967932097613811493e-02
-6.511800922453403473e-03
-3.084115311503410339e-02
-4.052382707595825195e-02
-3.037359006702899933e-02
2.499284222722053528e-02
-6.371692754328250885e-03
-1.914354786276817322e-02
5.045238509774208069e-02
3.954903781414031982e-02
-1.488783955574035645e-01
-2.614007517695426941e-02
3.963797539472579956e-02
-2.803632616996765137e-02
-3.595673665404319763e-02
-1.211223006248474121e-02
2.917017340660095215e-01
-6.607086956501007080e-02
-1.514271646738052368e-01
-3.005852177739143372e-02
-2.599481493234634399e-02
-3.456115350127220154e-02
-3.147527948021888733e-02
2.260464429855346680e+00
-1.004071310162544250e-01
-2.847554162144660950e-02
-1.520331669598817825e-02
-3.562216088175773621e-02
-4.098872840404510498e-02
-1.034782901406288147e-01
-2.180600352585315704e-02
-1.494365334510803223e-01
-2.222127653658390045e-02
-4.557222872972488403e-02
-3.541443496942520142e-02
-2.987925112247467041e-01
-3.324785828590393066e-02
2.314005851745605469e+00
-4.190870095044374466e-03
-4.112270474433898926e-02
-2.387537807226181030e-02
-3.277589380741119385e-02
-4.045773670077323914e-02
-2.497239783406257629e-02
-3.749697282910346985e-02
-3.216665238142013550e-02
-1.301764994859695435e-01
-3.251415118575096130e-02
-5.182220600545406342e-03
-1.872249841690063477e-01
4.005841612815856934e-01
-3.048522956669330597e-02
-1.639870554208755493e-02
7.537676692008972168e-01
-3.077171742916107178e-02
-2.928191050887107849e-02
-2.512535080313682556e-02
-2.909380197525024414e-02
-1.657319068908691406e-02
-2.290714159607887268e-02
-6.272761821746826172e+00
9.591871500015258789e-02
-1.217751577496528625e-01
-1.578421890735626221e-02
-3.607327118515968323e-02
-1.299902200698852539e-01
-1.264456152915954590e+00
-1.698783040046691895e-02
-2.750399522483348846e-02
-2.488160692155361176e-02
-6.095225736498832703e-02
-6.211415678262710571e-02
-8.180312067270278931e-02
3.248199122026562691e-03
-3.975642845034599304e-02
-2.720124460756778717e-02
-2.638602443039417267e-02
-3.005269356071949005e-02
-4.671181142330169678e-01
-2.133800834417343140e-02
-1.802881062030792236e-02
-4.962187260389328003e-02
-2.340150810778141022e-02
2.791274070739746094e+00
-4.139872640371322632e-02
-3.167716413736343384e-02
-3.469095332548022270e-03
-3.347338736057281494e-02
-5.201701819896697998e-02
-4.016775637865066528e-02
-4.206483811140060425e-02
3.088795021176338196e-02
-5.086177960038185120e-02
-2.058557234704494476e-02
-1.961577311158180237e-02
-1.241611018776893616e-01
-5.630457028746604919e-02
-4.010571911931037903e-02
-6.599642336368560791e-02
-3.625273704528808594e-02
-2.989405952394008636e-02
-2.918479964137077332e-02
-3.488605096936225891e-02
-3.239351511001586914e-02
-5.483830720186233521e-02
-1.171386707574129105e-02
2.822125796228647232e-03
-1.344942604191601276e-03
-3.615757450461387634e-02
-3.828184679150581360e-02
-1.125345285981893539e-02
-6.032633781433105469e-02
-4.027447849512100220e-02
-5.703642591834068298e-02
-2.775165438652038574e-02
-2.691234111785888672e+00
-2.406385354697704315e-02
-5.132217332720756531e-02
-3.553269803524017334e-02
-4.295267537236213684e-02
-3.367081284523010254e-02
-5.198179557919502258e-02
-4.407877847552299500e-02
-1.197953820228576660e+00
-1.159724473953247070e+00
-3.040993958711624146e-02
-2.159634977579116821e-02
-2.732311747968196869e-02
-3.817273378372192383e-01
-3.732703626155853271e-02
-1.411382406949996948e-01
-1.381431147456169128e-02
-2.870747633278369904e-02
-4.377278964966535568e-03
-1.996240317821502686e-01
-9.205833673477172852e-01
1.395041108131408691e+00
-2.849825844168663025e-02
-2.100902050733566284e-02
-7.044918090105056763e-02
2.942854404449462891e+00
-4.640166833996772766e-02
-2.935643494129180908e-02
-6.715532392263412476e-02
-2.700411155819892883e-02
-4.200268909335136414e-02
-9.657456725835800171e-02
1.135552488267421722e-02
-5.054984986782073975e-02
-1.977384388446807861e-01
7.146481275558471680e-01
4.707477614283561707e-02
-5.570853874087333679e-02
3.834587335586547852e-02
-4.014612734317779541e-02
-3.695188835263252258e-02
-3.162401914596557617e-02
-3.645699843764305115e-02
-2.005554437637329102e-01
-5.047948285937309265e-02
-7.994662970304489136e-02
-1.137220952659845352e-02
-6.203138269484043121e-03
-3.912424296140670776e-02
-3.420576751232147217e-01
-4.163055419921875000e+00
-4.121800512075424194e-02
-5.201061815023422241e-02
1.407669931650161743e-01
-4.592622444033622742e-02
-1.175783351063728333e-01
-5.620631203055381775e-02
-4.307953640818595886e-02
-2.354063279926776886e-02
-3.359395638108253479e-02
-5.310900881886482239e-02
-6.792705506086349487e-02
-1.681291013956069946e-01
-2.467899397015571594e-02
-3.535081818699836731e-02
-3.930455073714256287e-02
-2.743519656360149384e-02
-5.328954756259918213e-02
-3.554660454392433167e-02
-4.052282124757766724e-02
1.852528691291809082e+00
-2.043405175209045410e-02
-4.224826768040657043e-02
-3.425695747137069702e-02
-4.742291197180747986e-02
-4.342728853225708008e-02
-3.600895032286643982e-02
-1.851490885019302368e-01
1.111902762204408646e-02
-2.601146697998046875e-02
-2.342256531119346619e-02
1.667550578713417053e-02
-6.390681117773056030e-02
-3.106462955474853516e-02
-2.729191258549690247e-02
-3.708682581782341003e-02
3.156413137912750244e-02
-2.713226526975631714e-02
-2.116575688123703003e-01
-1.382997930049896240e-01
-5.360862985253334045e-02
-5.456553399562835693e-02
-2.841450691223144531e+00
-3.223935514688491821e-02
-2.714196965098381042e-02
-8.197240531444549561e-04
-3.868376463651657104e-02
-6.001947447657585144e-03
-1.413978636264801025e-02
4.095834493637084961e-02
-2.112922817468643188e-02
-1.970484107732772827e-01
2.450546622276306152e-02
-7.612493038177490234e-01
-2.026309259235858917e-02
-5.798500031232833862e-02
-9.577433764934539795e-02
2.814849279820919037e-02
-3.659591823816299438e-02
-4.883018508553504944e-02
-2.150204405188560486e-02
-2.881100028753280640e-02
-1.784910261631011963e-02
-6.999257951974868774e-02
-7.398413121700286865e-02
-3.245054930448532104e-02
9.862014849204570055e-05
-1.658414676785469055e-02
-5.062939599156379700e-02
-3.847544267773628235e-02
-3.897412419319152832e-01
-5.841586738824844360e-03
-1.924282461404800415e-01
-3.598549589514732361e-02
-1.841966211795806885e-01
1.833853960037231445e+00
3.403194248676300049e-02
-3.518103063106536865e-02
-2.938189916312694550e-02
-2.797024883329868317e-02
1.145582459867000580e-02
1.560646295547485352e-02
-3.424172848463058472e-02
-9.931503795087337494e-03
-4.653760790824890137e-02
7.903189212083816528e-02
-1.039383932948112488e-02
-6.135570630431175232e-02
7.214381825178861618e-03
-3.078579902648925781e-01
-3.980312824249267578e+00
-1.187717169523239136e-01
-6.992714852094650269e-02
-1.087380647659301758e+00
-1.416331157088279724e-02
-2.754979208111763000e-02
-1.100575625896453857e-01
-2.491168677806854248e-02
-9.769062697887420654e-02
-4.378590732812881470e-02
-2.228521741926670074e-02
-2.481348067522048950e-01
-4.931359738111495972e-02
-1.623179763555526733e-02
-5.406718328595161438e-02
-1.543901767581701279e-02
-6.095234304666519165e-02
-2.894519083201885223e-02
-1.650383353233337402e+00
-2.694201096892356873e-02
-4.758992791175842285e-02
-1.307686977088451385e-02
-5.006538704037666321e-02
-2.013816870748996735e-02
-1.257031857967376709e-01
-2.348715253174304962e-02
-6.437793970108032227e-01
-4.626548290252685547e-02
-2.675682306289672852e-02
6.396991014480590820e-01
-3.984925895929336548e-02
-2.048678137362003326e-02
-6.983544677495956421e-02
-1.610175371170043945e-01
-5.641860514879226685e-02
-3.618694841861724854e-02
-3.745138645172119141e-02
-4.248124733567237854e-02
-5.967134609818458557e-02
-8.935700356960296631e-02
-3.133825585246086121e-02
-4.296548664569854736e-02
-2.156056649982929230e-02
-1.442539572715759277e+00
-2.049498073756694794e-02
5.632914602756500244e-02
-3.595542535185813904e-02
-3.021211922168731689e-02
-4.212593287229537964e-02
-3.426293656229972839e-02
-3.259890154004096985e-02
-3.953554108738899231e-02
-4.328858852386474609e-02
-5.017359554767608643e-02
-4.268288146704435349e-03
-3.766119480133056641e-02
-3.180514648556709290e-02
-3.556422889232635498e-03
-2.245719358325004578e-02
-2.899599447846412659e-02
-1.327342260628938675e-02
-2.634221315383911133e-02
-6.172965466976165771e-02
-1.163157001137733459e-01
-3.924790024757385254e-02
-7.767005264759063721e-02
-4.370211437344551086e-02
-1.373618491925299168e-03
-1.815416105091571808e-02
-1.842421591281890869e-01
-3.479975461959838867e-02
-2.799539081752300262e-02
-5.989569053053855896e-02
1.124859321862459183e-03
-3.752425685524940491e-02
-4.468769580125808716e-02
-1.302000135183334351e-02
-8.838693797588348389e-02
2.296963334083557129e-02
-2.480459451675415039e+00
-3.861321136355400085e-02
-3.143065050244331360e-02
-3.338696062564849854e-02
-7.231194525957107544e-02
-1.226533055305480957e-01
-1.186520084738731384e-01
-5.019279196858406067e-02
-3.040627948939800262e-02
-5.927686020731925964e-02
-3.384995087981224060e-02
-3.340727835893630981e-02
-4.475669190287590027e-02
-3.445280343294143677e-02
-5.942888930439949036e-02
-3.238302469253540039e-02
-1.308809638023376465e+00
-4.757214710116386414e-02
2.555055357515811920e-02
1.943003296852111816e+00
2.574063837528228760e-02
-2.256567031145095825e-01
-4.699343442916870117e-02
-4.024698585271835327e-02
-5.661870911717414856e-02
-3.671973198652267456e-02
-2.228832840919494629e-01
-3.204284608364105225e-02
-5.569698289036750793e-02
-6.570017337799072266e-01
-2.632122673094272614e-02
-1.481436938047409058e-01
-3.576033189892768860e-02
-8.856329321861267090e-02
-2.994515374302864075e-02
1.572471857070922852e-02
2.302092500030994415e-02
-3.086088970303535461e-02
-1.153249144554138184e-01
-4.773506894707679749e-02
1.584122657775878906e+00
-6.339462101459503174e-02
5.989401042461395264e-02
-1.031538844108581543e-02
-1.630824059247970581e-02
9.196468442678451538e-02
-8.117087930440902710e-02
-4.957487061619758606e-02
-2.388577722012996674e-02
-3.099646791815757751e-02
-4.172214865684509277e-02
-5.797619000077247620e-02
-1.800812664441764355e-03
-1.075845491141080856e-02
-2.239647321403026581e-02
-6.387561559677124023e-02
-3.825165331363677979e-02
-3.636404499411582947e-02
-2.773676812648773193e-01
-4.272162914276123047e-02
-2.803528495132923126e-02
-6.108227744698524475e-02
-2.517554350197315216e-02
-2.102734893560409546e-02
-2.408623322844505310e-02
-3.102168813347816467e-02
-7.047000527381896973e-02
-3.812560439109802246e-02
-6.718699336051940918e-01
-4.625055566430091858e-02
-4.259194806218147278e-02
-7.911666482686996460e-02
-3.404355421662330627e-02
-8.720324374735355377e-03
-3.461942449212074280e-02
-2.683839946985244751e-02
-1.725970208644866943e-02
-4.192250594496726990e-02
-4.827884957194328308e-02
-4.234877601265907288e-02
-2.772971428930759430e-02
-2.983568608760833740e-01
-2.900535240769386292e-02
-4.513152316212654114e-02
-4.090074077248573303e-02
-1.607227325439453125e-02
-3.584638237953186035e-02
-3.775811567902565002e-02
-6.008496135473251343e-02
3.135124593973159790e-02
-2.722307294607162476e-02
-5.477799102663993835e-02
-3.280578926205635071e-02
1.282587740570306778e-02
-3.952401131391525269e-02
-5.523685738444328308e-02
-1.834551692008972168e-01
-3.714117780327796936e-02
-4.407966509461402893e-02
-3.164777532219886780e-02
-4.256308078765869141e-02
1.351253628730773926e+00
1.552309468388557434e-02
-3.067721612751483917e-02
-6.268753856420516968e-02
-1.808085478842258453e-02
-3.034387156367301941e-02
-3.165200725197792053e-02
-1.384753920137882233e-02
-2.672483921051025391e-01
-3.538919925689697266e+00
4.642716608941555023e-03
-4.411345347762107849e-02
1.952653564512729645e-02
-2.799276821315288544e-02
-4.001306742429733276e-02
-2.212149649858474731e-01
-3.892875090241432190e-02
-1.330094188451766968e-01
-2.436956390738487244e-02
-2.941102266311645508e+00
-5.327490717172622681e-02
2.858881838619709015e-02
-3.418958187103271484e-02
-9.848967939615249634e-02
-1.959823727607727051e+00
-3.067730367183685303e-02
-2.170963399112224579e-02
-6.354200094938278198e-02
-3.021824732422828674e-02
-6.779330223798751831e-02
-3.483780100941658020e-02
1.844791054725646973e+00
3.256283700466156006e-02
2.127636969089508057e-02
-1.249967329204082489e-02
-4.074709489941596985e-02
3.407148644328117371e-02
-5.878320336341857910e-02
4.595744889229536057e-03
-4.475171118974685669e-02
-3.416775912046432495e-02
-6.335840374231338501e-02
1.040630117058753967e-01
-3.617054969072341919e-02
8.287145495414733887e-01
-4.483062773942947388e-02
-1.976408436894416809e-02
-2.264362275600433350e-01
-3.881699964404106140e-02
-3.724933043122291565e-02
-3.927936777472496033e-02
-1.766916736960411072e-02
-4.410176724195480347e-02
-2.481171488761901855e-02
-2.787885628640651703e-02
-4.589301347732543945e-02
-2.054549157619476318e-01
-2.693507671356201172e+00
-3.374075517058372498e-02
-2.944809794425964355e-01
-2.932582050561904907e-02
-2.787365764379501343e-02
-3.501189500093460083e-02
-4.746274277567863464e-02
-7.801564410328865051e-03
-2.349192090332508087e-02
-3.483125448226928711e+00
3.467864394187927246e-01
-1.240167975425720215e+00
-2.720806188881397247e-02
-4.717971757054328918e-02
-6.356573104858398438e-02
-4.684934765100479126e-02
-3.474581718444824219e+00
7.952275685966014862e-03
-1.450135838240385056e-02
-2.699370682239532471e-02
-1.334391683340072632e-01
-2.968872897326946259e-02
-4.134647548198699951e-02
-2.945802360773086548e-02
-1.979398541152477264e-02
-3.001145087182521820e-02
-2.590250037610530853e-02
-2.910204790532588959e-02
-2.911661937832832336e-02
-5.159237235784530640e-02
-5.900466814637184143e-02
1.946128159761428833e-02
-1.051310598850250244e-01
1.850919052958488464e-02
9.234754368662834167e-03
-6.384909898042678833e-02
-2.527279034256935120e-02
-3.233576938509941101e-02
1.213471186929382384e-04
1.281785126775503159e-02
-4.980405047535896301e-02
-1.810176521539688110e-01
-2.627526968717575073e-02
-4.126013070344924927e-02
-1.902123093605041504e+00
-1.452563144266605377e-02
-4.315567761659622192e-02
-2.365368418395519257e-02
-7.786926627159118652e-02
-7.496587932109832764e-02
-5.809983015060424805e-01
-1.689285188913345337e-01
-6.290198303759098053e-03
-3.324942663311958313e-02
-1.215590611100196838e-01
-1.126539409160614014e-01
1.617517471313476562e+00
-1.842635497450828552e-02
-5.765950307250022888e-02
-3.809031099081039429e-02
-4.377245530486106873e-02
-2.921310625970363617e-02
-2.363734319806098938e-02
-8.257480710744857788e-02
-3.497663140296936035e-02
-7.595254480838775635e-02
-6.008404493331909180e-02
-4.246668145060539246e-02
-4.869631305336952209e-02
-2.792302519083023071e-02
-4.359997063875198364e-02
-1.640191674232482910e-02
-1.779987104237079620e-02
-4.151367768645286560e-02
-1.252874583005905151e-01
-4.636571183800697327e-02
-2.829869650304317474e-02
-1.200833171606063843e-02
-2.455793879926204681e-02
-1.794971339404582977e-02
-4.036151245236396790e-02
-3.520387783646583557e-02
-1.938046887516975403e-02
-3.557124361395835876e-02
-5.156650021672248840e-02
-3.084977529942989349e-02
-1.418945100158452988e-02
-3.045010194182395935e-02
-3.565069660544395447e-02
4.194092471152544022e-03
-3.555094078183174133e-02
-2.401911467313766479e-01
-2.601396664977073669e-02
-4.254607483744621277e-02
-3.815748170018196106e-02
-5.123054981231689453e-02
-3.228841349482536316e-02
-4.743740335106849670e-02
-3.983954340219497681e-02
-4.008948057889938354e-02
-1.519114058464765549e-02
-6.440341472625732422e-02
-4.705271124839782715e-02
-5.437212064862251282e-02
3.799090981483459473e-01
-1.501547098159790039e-01
-2.297390066087245941e-02
-4.043506830930709839e-02
-7.008623797446489334e-03
-4.270721599459648132e-02
-1.869730837643146515e-02
-2.781582623720169067e-02
-4.464109614491462708e-02
-4.451944306492805481e-02
-1.771072484552860260e-02
-6.688494980335235596e-02
2.775283530354499817e-02
-3.553694859147071838e-02
-1.710368633270263672e+00
-3.363563865423202515e-02
-4.986498355865478516e+00
-4.131679609417915344e-02
-2.961080335080623627e-02
-4.367202147841453552e-02
-3.084553033113479614e-02
-6.607797145843505859e-01
-2.056246064603328705e-02
-3.087069839239120483e-02
-1.833157055079936981e-02
-3.010035865008831024e-02
-4.958335310220718384e-02
-5.040672421455383301e-02
-2.635692618787288666e-02
-3.353339061141014099e-02
-1.000733524560928345e-01
-2.895426005125045776e-02
-3.732419759035110474e-02
-3.126675263047218323e-02
-2.791361212730407715e-01
-1.930229067802429199e-01
-3.072827868163585663e-02
-5.709664821624755859e-01
-2.320981584489345551e-02
-3.961618617177009583e-02
-4.814086556434631348e-01
-2.631508372724056244e-02
-1.762522161006927490e-01
-7.538201659917831421e-02
-3.423503413796424866e-02
-5.744019523262977600e-02
-4.816097021102905273e-02
-4.202961549162864685e-02
-3.541767597198486328e-02
-6.526608020067214966e-02
-1.382830552756786346e-02
-4.573485348373651505e-03
-3.265973553061485291e-02
-1.727628521621227264e-02
-4.216716438531875610e-02
-3.014304861426353455e-02
-5.885551571846008301e-01
2.952620945870876312e-02
4.481176147237420082e-04
-1.379996389150619507e-01
-5.951662734150886536e-02
-2.405787944793701172e+00
-3.770974650979042053e-02
-3.963486105203628540e-02
-1.229159627109766006e-02
1.248803827911615372e-02
-7.456450909376144409e-02
-1.225800514221191406e-01
-1.482203789055347443e-02
-3.025609999895095825e-02
-3.841533511877059937e-02
-3.504789620637893677e-02
-4.706717282533645630e-02
-4.272012040019035339e-02
3.229020118713378906e+00
-3.311147913336753845e-02
-2.890869081020355225e-01
-4.659715294837951660e-02
-3.119888715445995331e-02
-5.483736470341682434e-02
-1.290707662701606750e-02
-3.880017995834350586e-02
-2.763857506215572357e-02
-2.969270281028002501e-04
-4.337760433554649353e-02
-2.849010936915874481e-02
-1.733829826116561890e-02
3.024782240390777588e-01
-2.362008392810821533e-02
-4.040121287107467651e-02
-4.046231135725975037e-02
-2.574090063571929932e-01
-2.057397738099098206e-02
-3.920412063598632812e-02
-3.668039664626121521e-02
-1.926228590309619904e-02
-1.228461880236864090e-02
-3.103617206215858459e-02
-2.397753857076168060e-02
-4.376580566167831421e-02
-2.412708550691604614e-01
-9.830658324062824249e-03
-1.103738397359848022e-01
-4.232073575258255005e-02
-4.133226349949836731e-02
-3.479406982660293579e-02
-3.313217684626579285e-02
-7.408012449741363525e-02
-4.478815570473670959e-02
-2.811819501221179962e-02
-9.953848123550415039e-01
-3.445374593138694763e-02
-4.016333445906639099e-02
-5.005323886871337891e-02
-4.432718455791473389e-02
-3.595323488116264343e-02
-2.837591245770454407e-02
-2.957301437854766846e-01
-4.343132674694061279e-02
-3.591042011976242065e-02
-1.550222158432006836e+00
1.793598756194114685e-02
-4.614543542265892029e-02
-2.862463146448135376e-02
1.192691503092646599e-03
-4.845920205116271973e-02
-3.161052614450454712e-02
-3.158674016594886780e-02
-2.737686395645141602e+00
-4.382920451462268829e-03
-1.433838605880737305e-01
-3.223917007446289062e+00
-4.170355200767517090e-02
-4.982602223753929138e-02
-1.248207967728376389e-02
-5.293758213520050049e-02
-1.394873410463333130e-01
-2.099281921982765198e-02
-8.375752717256546021e-02
-1.388437021523714066e-02
-4.882941395044326782e-02
-1.954820193350315094e-02
-1.700411923229694366e-02
-6.517511606216430664e-02
-3.610755875706672668e-02
-2.068750560283660889e-02
-2.190791964530944824e-01
-2.892073988914489746e-02
-4.243467003107070923e-02
-3.858631849288940430e-02
-1.809380769729614258e+00
-2.081486023962497711e-02
-3.116487525403499603e-02
-5.465814098715782166e-02
-3.923537954688072205e-02
-4.183243811130523682e-01
-5.155606940388679504e-02
-3.286264836788177490e-02
-3.762073442339897156e-02
-5.362216383218765259e-02
-2.245305664837360382e-02
-7.148414850234985352e-02
-2.145413756370544434e-01
-3.109356760978698730e-02
-8.607441186904907227e-02
-2.773262932896614075e-02
1.433132886886596680e+00
-4.400152713060379028e-02
-3.923397883772850037e-02
-4.026401042938232422e-02
-3.607765585184097290e-02
-1.608273200690746307e-02
-3.214211761951446533e-02
1.196792572736740112e-01
6.261219084262847900e-02
-3.905119374394416809e-02
-6.505803018808364868e-02
-2.701325342059135437e-02
-5.934644863009452820e-02
-4.508297145366668701e-02
-3.805689141154289246e-02
-4.436182975769042969e-02
-3.586184680461883545e-01
1.546217873692512512e-02
-3.929783403873443604e-02
-4.326359182596206665e-02
-4.179395362734794617e-02
-1.957380399107933044e-02
-3.418050706386566162e-01
-6.924209743738174438e-02
-2.829029411077499390e-02
-3.295789286494255066e-02
-1.402032095938920975e-02
-1.664513722062110901e-02
-1.287869364023208618e-01
-4.904722422361373901e-02
1.442955713719129562e-02
-2.143416553735733032e-02
-3.552449122071266174e-02
-2.778839506208896637e-02
-4.984006658196449280e-02
-2.774858660995960236e-02
2.974628936499357224e-03
-1.946086883544921875e-01
-4.138655215501785278e-02
-3.040361590683460236e-02
-3.503089770674705505e-02
-4.261919483542442322e-02
-2.286955341696739197e-02
-4.466538503766059875e-02
-1.679863780736923218e-01
-4.452596232295036316e-02
-4.301217943429946899e-02
-4.445629194378852844e-02
4.997201636433601379e-02
-2.320759743452072144e-01
-8.458013646304607391e-03
-9.402477145195007324e-01
-1.770119927823543549e-02
1.690212637186050415e-02
3.518677130341529846e-02
-2.216855995357036591e-02
-3.505045175552368164e-02
-4.131915047764778137e-02
-2.267724424600601196e-01
2.176712267100811005e-02
-3.279961645603179932e-02
-1.634670794010162354e-01
-5.921693891286849976e-02
-3.892386704683303833e-02
-3.223223611712455750e-02
-5.333822220563888550e-02
-4.732843115925788879e-02
-2.893957309424877167e-02
-3.244347870349884033e-02
-1.586893387138843536e-02
-6.433001905679702759e-02
-2.843371592462062836e-02
-2.593183755874633789e+00
-7.274739444255828857e-03
-2.452618442475795746e-02
-3.431230783462524414e-02
6.872626543045043945e-01
-1.638314574956893921e-01
-2.919720485806465149e-02
-3.133363649249076843e-02
-3.889960050582885742e-02
1.570545881986618042e-02
-1.562100201845169067e-01
-1.423744577914476395e-02
2.926685661077499390e-02
-4.858593642711639404e-02
-8.865687996149063110e-02
-4.348327964544296265e-02
-3.182907029986381531e-02
-1.449745297431945801e-01
1.547509245574474335e-02
-4.117483273148536682e-02
-6.138861179351806641e-02
-4.321729764342308044e-02
-3.242354467511177063e-02
-4.587953537702560425e-02
-4.123081266880035400e-02
-2.261126786470413208e-02
-7.361949235200881958e-02
-3.772056102752685547e-02
-2.181769758462905884e-01
-3.593821078538894653e-02
1.297564303968101740e-04
-4.121608287096023560e-02
-3.096571564674377441e-02
-5.490607395768165588e-02
-1.078715175390243530e-02
-5.227465182542800903e-02
-3.284858912229537964e-02
-4.497727379202842712e-02
-1.805363595485687256e-01
-1.940791122615337372e-02
-3.565070405602455139e-02
-5.040951445698738098e-02
-2.695400640368461609e-02
-4.210880771279335022e-02
-3.843484818935394287e-02
-6.069010496139526367e-02
-2.375873923301696777e-02
-1.115505397319793701e-01
-1.604055799543857574e-02
-6.956654135137796402e-03
-6.976471748203039169e-03
-6.409271061420440674e-02
-3.690684795379638672e+00
-2.676494978368282318e-02
-2.027261495590209961e+00
-4.259935021400451660e-02
-4.267264530062675476e-02
-4.048496112227439880e-02
4.624114930629730225e-02
-1.770841702818870544e-02
-6.282030045986175537e-02
-4.847108200192451477e-02
1.730054244399070740e-02
-2.956767939031124115e-02
-4.376628249883651733e-02
-6.957056522369384766e-01
-3.669843450188636780e-02
-3.089797124266624451e-02
8.015337586402893066e-01
-2.500672079622745514e-02
9.088408350944519043e-01
-5.415034294128417969e-02
-4.679001867771148682e-02
1.529865860939025879e+00
-5.395430088043212891e+00
5.435022525489330292e-03
-7.877515554428100586e-01
-2.731208316981792450e-02
-2.390462532639503479e-02
-3.799986839294433594e-02
-6.321395188570022583e-02
-1.954742521047592163e-02
-4.914287850260734558e-02
-2.995869331061840057e-02
3.324862942099571228e-02
-3.751254081726074219e-02
-3.714051842689514160e-02
-3.333345428109169006e-02
-6.429705023765563965e-02
-3.882822990417480469e+00
-2.112332880496978760e-01
-6.079751014709472656e+00
-1.464361045509576797e-02
-3.251642361283302307e-02
-3.071314841508865356e-02
-3.340454399585723877e-02
-2.770743705332279205e-02
-1.807277649641036987e-02
-3.113246336579322815e-02
-3.124039620161056519e-02
-2.526162564754486084e-02
-3.189926221966743469e-02
-3.946018964052200317e-02
-2.221270091831684113e-02
-4.956552013754844666e-02
-5.072279646992683411e-02
1.560489553958177567e-02
5.683894082903862000e-02
-4.233073070645332336e-02
-4.992449656128883362e-02
-5.481547117233276367e-02
-3.545707091689109802e-02
-1.492472141981124878e-01
-3.345892578363418579e-02
-4.759284481406211853e-02
-1.115881465375423431e-02
2.924923598766326904e-02
-4.269567504525184631e-02
-4.610786914825439453e+00
-3.114107251167297363e-02
-7.853258401155471802e-02
-3.965507075190544128e-02
-8.455809205770492554e-03
-4.548269882798194885e-02
-3.093211166560649872e-02
-2.237976901233196259e-02
1.504043582826852798e-02
-6.062970496714115143e-03
-1.775670237839221954e-02
-3.079971671104431152e-02
-2.407743036746978760e-02
-1.370445266366004944e-02
-4.364532604813575745e-02
-1.717388071119785309e-02
-6.099966540932655334e-02
-1.623648256063461304e-01
7.891283184289932251e-02
-8.179822005331516266e-03
8.143980987370014191e-03
-1.827039010822772980e-02
-1.420756801962852478e-03
-2.372475899755954742e-02
-3.590905293822288513e-02
-3.165077045559883118e-02
-2.768047712743282318e-02
-2.942202240228652954e-02
-5.191670730710029602e-02
-2.470420360565185547e+00
-6.411322355270385742e-01
-4.785218089818954468e-02
-3.814437985420227051e-02
1.959173753857612610e-02
-4.702982679009437561e-02
-2.282277867197990417e-02
-3.657477721571922302e-02
-5.506670475006103516e-02
-6.188225373625755310e-02
-2.842512726783752441e-02
3.398169577121734619e-02
-1.308696866035461426e-01
4.983038455247879028e-02
-1.302625867538154125e-03
-1.591359674930572510e-01
8.828700520098209381e-03
-1.614072918891906738e-02
-4.109311383217573166e-03
-2.410959452390670776e-02
-3.585616871714591980e-02
-3.769810870289802551e-02
-3.168448060750961304e-02
-2.378790639340877533e-02
-1.675614714622497559e-02
-2.046035975217819214e-02
-1.211433172225952148e+00
-1.435035109519958496e+00
2.978312596678733826e-02
-7.498167455196380615e-03
-5.543956160545349121e-02
-1.766596920788288116e-02
-1.156497187912464142e-02
-1.475145667791366577e-02
7.306694239377975464e-02
-3.200056031346321106e-02
-3.814324364066123962e-02
-4.865325242280960083e-02
-2.225929647684097290e-01
-4.334783926606178284e-02
-1.312529742717742920e-01
-3.544658422470092773e-02
2.183909155428409576e-02
-2.173754945397377014e-02
-4.222119599580764771e-02
-3.382187336683273315e-02
-3.500160947442054749e-02
-8.141068816184997559e-01
-2.510009892284870148e-02
-1.041073575615882874e-01
-3.018161840736865997e-02
-2.641273476183414459e-02
-9.661925584077835083e-02
-2.196162752807140350e-02
4.529063403606414795e-02
-5.326035618782043457e-02
-7.039048671722412109e+00
2.035676687955856323e-02
-7.726518809795379639e-02
-3.178656101226806641e-02
-2.893625013530254364e-02
1.807353692129254341e-04
-3.577823936939239502e-02
-3.970583900809288025e-02
-2.873811498284339905e-02
-3.786541894078254700e-02
-2.815146557986736298e-02
-2.972013317048549652e-02
5.239307880401611328e-02
-3.841024264693260193e-02
-2.526537142693996429e-02
-7.841436192393302917e-03
-1.905381381511688232e-01
-2.763138711452484131e-02
-4.502427950501441956e-02
-5.673278868198394775e-02
-3.918290510773658752e-02
-2.467402257025241852e-02
-3.826280683279037476e-02
-3.992088511586189270e-02
8.230395033024251461e-04
-5.946783423423767090e-01
-5.727504938840866089e-02
-4.184316471219062805e-02
-3.733776882290840149e-02
-2.375705912709236145e-02
-2.687361277639865875e-02
-3.973470255732536316e-02
-4.184795916080474854e-02
-1.060218334197998047e+00
-3.587277606129646301e-02
-3.512220084667205811e-02
-6.942440569400787354e-02
-9.026452898979187012e-02
-5.189989209175109863e-01
-2.598568983376026154e-02
-2.263489412143826485e-03
-4.908711090683937073e-02
-2.904549799859523773e-02
-1.377650946378707886e-01
-8.343946188688278198e-02
-4.041488468647003174e-02
-2.487063221633434296e-02
-3.770592808723449707e-02
4.426238127052783966e-03
-2.353068627417087555e-02
2.229024171829223633e+00
-4.563663899898529053e-02
-2.456368923187255859e+00
-3.842255473136901855e-01
-2.217888683080673218e-01
-3.151986002922058105e-02
4.371443390846252441e-02
-3.450449556112289429e-02
-1.855745762586593628e-01
-1.826682128012180328e-02
-2.643924392759799957e-02
-5.219097062945365906e-02
-2.684199437499046326e-02
-2.287527546286582947e-02
-1.224223407916724682e-03
-5.637641996145248413e-02
-9.886770248413085938e-01
-1.638972200453281403e-02
-6.925013661384582520e-02
-3.036008961498737335e-02
-3.591119498014450073e-02
-1.376202106475830078e-01
-3.369065746665000916e-02
-5.916076302528381348e-01
-3.446879610419273376e-02
-2.188522741198539734e-02
2.454336583614349365e-01
-5.325142666697502136e-02
-3.371528163552284241e-02
-4.228837788105010986e-02
-6.247576326131820679e-02
-2.784375660121440887e-02
-1.591921597719192505e-01
-3.047244995832443237e-02
-4.761044308543205261e-02
-3.340804576873779297e-02
-1.678062602877616882e-02
-2.699838392436504364e-02
-2.367735654115676880e-02
-4.344380646944046021e-02
-1.127270579338073730e+00
-1.535881757736206055e-01
-5.382685922086238861e-03
-4.403441026806831360e-02
-3.333427710458636284e-03
-3.399289250373840332e-01
-1.529179234057664871e-02
-2.666809782385826111e-02
-4.859991371631622314e-02
-8.740410208702087402e-03
-4.489454254508018494e-02
-3.059730120003223419e-02
-2.175363339483737946e-02
-3.689779713749885559e-02
-4.583358019590377808e-02
-3.170224279165267944e-02
-1.892487704753875732e-01
-3.460265696048736572e-02
-1.736515760421752930e+00
-4.728144034743309021e-02
-2.429365180432796478e-02
-3.854477405548095703e-02
-3.273959085345268250e-02
-4.861513897776603699e-02
-1.076012849807739258e-02
-5.218846350908279419e-02
5.477003753185272217e-02
-1.475745718926191330e-02
-7.929006591439247131e-03
-5.394498631358146667e-02
-3.783717378973960876e-02
-5.206888914108276367e-02
-6.764507293701171875e-02
8.259756118059158325e-02
-3.311915695667266846e-02
-4.722986221313476562e+00
-2.235785312950611115e-02
-2.597905136644840240e-02
-3.322622179985046387e-02
-2.351340055465698242e-01
-2.723136916756629944e-02
-3.672498464584350586e-02
9.368085302412509918e-03
7.721030712127685547e-01
-2.780516259372234344e-02
-5.163443088531494141e-02
-6.193398684263229370e-02
-5.598082020878791809e-02
9.939474053680896759e-03
-1.956819184124469757e-02
-1.799730509519577026e-01
-2.540161833167076111e-02
-1.383870244026184082e-01
-5.547839775681495667e-02
-2.411054074764251709e-02
-5.818807333707809448e-02
-1.386891305446624756e-01
-1.454428195953369141e+00
-2.718178741633892059e-02
-3.265893086791038513e-02
-4.114663973450660706e-02
-3.577834740281105042e-02
-5.716373771429061890e-02
1.186354279518127441e+00
-1.557421125471591949e-02
-2.442999184131622314e-02
-1.580271124839782715e-02
-4.305984079837799072e-01
-2.421551384031772614e-02
-3.401777148246765137e-02
-3.524621203541755676e-02
-4.540443420410156250e-02
-3.200884163379669189e-02
-2.519098818302154541e-01
-2.028641998767852783e-01
-3.283254802227020264e-02
-4.119093343615531921e-02
2.165675908327102661e-01
-9.966096282005310059e-01
-2.977794036269187927e-02
-3.208361566066741943e-02
-2.326091751456260681e-02
-1.899649053812026978e-01
-4.840463772416114807e-02
-1.987000182271003723e-02
2.270018740091472864e-04
-6.841775774955749512e-02
1.371213048696517944e-02
3.327916190028190613e-02
5.879817530512809753e-02
-9.096352756023406982e-02
-3.301471099257469177e-02
1.214797329157590866e-02
-3.566839918494224548e-02
-4.065003991127014160e-02
-3.700390085577964783e-02
-3.788774088025093079e-02
1.664070226252079010e-02
-4.370688274502754211e-02
-5.655400827527046204e-02
-1.000296622514724731e-01
-2.374540083110332489e-02
-5.911601707339286804e-02
-5.915665999054908752e-02
-4.586113989353179932e-02
-3.343493118882179260e-02
-2.823838293552398682e-01
-3.479759395122528076e-02
-3.123067878186702728e-02
-2.333509735763072968e-02
9.291946887969970703e-03
3.452287241816520691e-02
-8.790504187345504761e-02
-5.260426044464111328e+00
-3.441307460889220238e-03
-5.435283109545707703e-02
-4.089000076055526733e-02
-2.885840833187103271e-02
-3.733281791210174561e-02
-3.633793815970420837e-02
-2.474877517670392990e-03
1.185880601406097412e-02
-1.320579200983047485e-01
-3.353940844535827637e-01
6.935963872820138931e-03
-2.489808201789855957e-02
-3.931107744574546814e-02
-3.125959634780883789e-02
-2.294212952256202698e-02
-3.757238015532493591e-02
-3.094198741018772125e-02
-1.795040071010589600e-02
5.583207681775093079e-02
-5.643456429243087769e-02
-5.728019401431083679e-02
-3.794788569211959839e-02
-2.883250266313552856e-02
-1.394620388746261597e-01
-3.711166977882385254e-02
-3.123419918119907379e-02
-3.950734063982963562e-02
-4.009453207254409790e-02
-4.028658196330070496e-02
-3.779491409659385681e-02
-2.643118612468242645e-02
-2.837876230478286743e-02
-3.486206009984016418e-02
-4.635832458734512329e-02
-3.459282964468002319e-02
-3.898376598954200745e-02
-5.026289448142051697e-02
-5.096396803855895996e-02
-2.383494749665260315e-02
-4.208172857761383057e-02
-6.701532006263732910e-02
6.187190767377614975e-03
1.304003357887268066e+00
3.451480343937873840e-02
-2.016724459826946259e-02
-6.001929752528667450e-03
-1.430376712232828140e-02
-2.256201952695846558e-02
-3.505029901862144470e-02
-1.579118967056274414e-01
-1.984103769063949585e-01
7.013335824012756348e-02
3.595199668779969215e-03
-3.285941109061241150e-02
-2.987777441740036011e-02
-1.748518049716949463e-01
-2.137413620948791504e-01
-2.624219097197055817e-02
-2.266579866409301758e-02
-3.685543313622474670e-02
1.668399199843406677e-02
-1.739813834428787231e-01
-4.706497117877006531e-02
-9.311999380588531494e-02
2.069377899169921875e-02
3.223785758018493652e-02
-1.613715849816799164e-02
-3.978835418820381165e-02
-8.122444152832031250e-02
5.126655101776123047e-02
-9.160482324659824371e-03
-1.457911431789398193e-01
-4.691401124000549316e-02
-1.271305233240127563e-02
-1.116570383310317993e-01
-4.346296191215515137e-02
-1.081781908869743347e-01
-1.148749664425849915e-01
-1.424438506364822388e-01
-5.528984069824218750e+00
-2.133253514766693115e-01
-3.073037415742874146e-02
-5.978254601359367371e-03
-3.478837385773658752e-02
-1.547900959849357605e-02
3.521114215254783630e-02
-7.826410233974456787e-02
-2.726693078875541687e-02
2.408285252749919891e-02
-4.645484685897827148e-02
-3.373306989669799805e-02
-3.618455678224563599e-02
-2.056216262280941010e-02
-5.901946127414703369e-02
8.937233942560851574e-04
-3.900528326630592346e-02
-4.814753308892250061e-02
-3.761576861143112183e-02
9.957404807209968567e-03
-4.215077683329582214e-02
-5.566569045186042786e-02
-4.364200308918952942e-02
-2.797379903495311737e-02
-5.974962115287780762e-01
-2.445729449391365051e-02
-3.468036279082298279e-02
-4.775926843285560608e-02
-2.474822998046875000e-01
-7.410111837089061737e-03
-4.137575998902320862e-02
-3.286987170577049255e-02
-6.398355122655630112e-03
-1.230900641530752182e-02
-3.623207286000251770e-02
-2.469533681869506836e-02
-3.078955970704555511e-02
2.752378024160861969e-02
-4.370585829019546509e-02
1.561678946018218994e-02
-1.402182690799236298e-02
-4.847047850489616394e-02
-2.576612494885921478e-02
-1.114322394132614136e-01
-5.880462005734443665e-02
-4.804008081555366516e-02
-7.237340323626995087e-03
-1.592665761709213257e-01
-5.229541566222906113e-03
-5.841688066720962524e-02
-3.025041893124580383e-02
-4.043612629175186157e-02
-4.344769194722175598e-02
-3.168409690260887146e-02
-4.581043124198913574e-02
-4.145516827702522278e-02
-1.818560361862182617e-01
-2.538625299930572510e-01
-1.400425005704164505e-02
-4.294751584529876709e-02
-1.684642583131790161e-02
-4.538161307573318481e-02
-4.313825070858001709e-02
-4.364890605211257935e-02
-1.895350217819213867e+00
-5.408465862274169922e-02
-3.782448172569274902e-02
-4.955849424004554749e-02
-3.438135609030723572e-02
-3.117477335035800934e-02
