-2.277147918939590454e-01
7.160027325153350830e-02
3.791808336973190308e-02
-1.578771919012069702e-01
-6.182056386023759842e-03
2.835995517671108246e-02
-8.942653983831405640e-02
1.470329463481903076e-01
-1.218493431806564331e-01
2.325300127267837524e-02
-8.191446959972381592e-02
1.273916512727737427e-01
-1.332754492759704590e-01
1.147136390209197998e-01
-6.000894680619239807e-02
3.293856605887413025e-02
-2.220573872327804565e-01
-7.980570942163467407e-02
-1.896418929100036621e-01
-1.519483774900436401e-01
1.436251997947692871e-01
9.284489601850509644e-02
-1.339022070169448853e-01
4.532771557569503784e-02
1.952854543924331665e-01
5.104275047779083252e-02
-8.533769100904464722e-02
1.111464425921440125e-01
-1.001119390130043030e-01
-3.063851408660411835e-02
-5.316057801246643066e-02
8.170304447412490845e-02
2.254030257463455200e-01
1.276088356971740723e-01
-5.400111898779869080e-03
7.119238376617431641e-02
1.521897315979003906e-01
1.453695595264434814e-01
4.870098456740379333e-02
-1.338292807340621948e-01
1.058214716613292694e-02
1.847839355468750000e-02
3.202226758003234863e-02
1.801546663045883179e-03
-8.871957659721374512e-02
1.102205738425254822e-01
7.456523925065994263e-02
-2.032331749796867371e-02
9.632525593042373657e-02
-1.316219270229339600e-01
1.425109207630157471e-01
1.746579259634017944e-01
-1.679362654685974121e-01
-6.209181249141693115e-02
7.482267171144485474e-02
1.110955849289894104e-01
9.142275154590606689e-02
-1.271952409297227859e-02
-2.667794935405254364e-02
1.049671396613121033e-01
1.656247079372406006e-01
-9.393408894538879395e-02
-2.116401493549346924e-01
1.886190474033355713e-01
-1.347427908331155777e-02
-7.025252282619476318e-02
7.319267094135284424e-02
-8.737165480852127075e-02
-1.336188763380050659e-01
6.387984007596969604e-02
-1.094496846199035645e-01
-5.561366677284240723e-02
1.195776164531707764e-01
-1.672436743974685669e-01
9.836010634899139404e-02
-7.157020270824432373e-02
-5.903708189725875854e-02
4.643362015485763550e-02
-2.212632596492767334e-01
-7.845398038625717163e-02
-1.122504174709320068e-01
1.617333590984344482e-01
-2.301369756460189819e-01
-2.958194911479949951e-02
8.827614784240722656e-02
6.414453685283660889e-02
-1.048194989562034607e-01
1.522320061922073364e-01
-2.104197740554809570e-01
3.729675337672233582e-02
-1.533690541982650757e-01
-1.352680119452998042e-04
-1.805108934640884399e-01
-1.465531438589096069e-01
2.773175202310085297e-02
-9.698721021413803101e-02
-1.977596282958984375e-01
1.403049826622009277e-01
-7.652639877051115036e-03
-1.573527306318283081e-01
-1.326416730880737305e-01
-3.258911520242691040e-02
-1.287320256233215332e-01
-1.480451077222824097e-01
-2.212443947792053223e-01
-3.449875116348266602e-02
-1.454873532056808472e-01
-1.659591794013977051e-01
1.677895337343215942e-02
-4.735316708683967590e-02
1.514268815517425537e-01
-1.042868569493293762e-01
2.013097144663333893e-02
-2.196656763553619385e-01
-5.936247855424880981e-02
9.176404774188995361e-02
4.806999862194061279e-02
-2.942857705056667328e-02
-1.752002746798098087e-03
1.215406507253646851e-01
-1.034123450517654419e-01
3.779480175580829382e-04
1.748543530702590942e-01
1.604092866182327271e-01
1.840469390153884888e-01
1.229779794812202454e-01
-1.059447824954986572e-01
1.771503239870071411e-01
-2.105133421719074249e-02
-7.536097615957260132e-02
-1.012064218521118164e-01
-1.612699925899505615e-01
1.550069004297256470e-01
2.644559554755687714e-02
-1.694506108760833740e-01
-1.042024120688438416e-01
1.073846518993377686e-01
-2.813466265797615051e-02
9.465776383876800537e-02
-2.000165358185768127e-02
-1.602948158979415894e-01
1.014711782336235046e-01
1.434362232685089111e-01
2.003947496414184570e-01
-1.669770628213882446e-01
1.044999137520790100e-01
-1.218163222074508667e-01
-1.694620549678802490e-01
-1.616672277450561523e-01
-1.717702299356460571e-01
-1.279887109994888306e-01
-3.104632347822189331e-02
-6.688731908798217773e-02
-4.303816240280866623e-03
-2.642676699906587601e-03
3.177044168114662170e-02
-1.869784295558929443e-01
-1.792302429676055908e-01
9.055913425981998444e-03
-3.903932869434356689e-02
-6.531641632318496704e-02
-1.706387847661972046e-01
5.271315202116966248e-02
-2.513966523110866547e-02
5.446762591600418091e-02
-8.232191950082778931e-02
-1.301695555448532104e-01
1.106779873371124268e-01
5.708179995417594910e-02
8.720432221889495850e-02
-1.876247972249984741e-01
1.354257203638553619e-02
-1.626811772584915161e-01
5.734477564692497253e-02
4.969800636172294617e-02
2.101874500513076782e-01
-6.174791231751441956e-02
-1.446277350187301636e-01
-2.249242365360260010e-01
-2.414142340421676636e-02
1.382404416799545288e-01
-1.495161801576614380e-01
4.314204677939414978e-02
5.883730947971343994e-02
-2.843472175300121307e-02
-1.463143154978752136e-02
-1.961256116628646851e-01
-1.548184156417846680e-01
1.826400458812713623e-01
2.283926308155059814e-02
-2.313109934329986572e-01
1.475954800844192505e-01
2.554530277848243713e-02
1.419788450002670288e-01
-3.481742367148399353e-02
-2.261759340763092041e-01
1.125770062208175659e-01
3.631014004349708557e-02
-1.675298511981964111e-01
1.310326904058456421e-01
-8.298573084175586700e-03
-1.216090470552444458e-01
-1.867599785327911377e-01
1.507323980331420898e-01
-8.106102235615253448e-03
-2.385859489440917969e-01
2.177148610353469849e-01
-1.800117939710617065e-01
-2.235954850912094116e-01
1.697323173284530640e-01
4.862225800752639771e-02
-2.210203707218170166e-01
5.457151681184768677e-02
-6.709735095500946045e-02
-7.368177920579910278e-02
-1.256422251462936401e-01
-1.915150731801986694e-01
2.195408493280410767e-01
-1.045738905668258667e-01
-1.795422099530696869e-02
-1.146052330732345581e-01
1.664174795150756836e-01
1.991113275289535522e-02
1.493858844041824341e-01
-1.088605746626853943e-01
-1.839829385280609131e-01
2.085595577955245972e-01
-3.495557233691215515e-02
9.631583467125892639e-03
7.963623106479644775e-02
5.189874023199081421e-02
-1.546916365623474121e-01
9.851813316345214844e-03
4.254437237977981567e-02
7.841382175683975220e-02
-5.781981348991394043e-02
-3.694942966103553772e-02
-1.710008829832077026e-01
-5.237175524234771729e-02
-1.212444975972175598e-01
-1.931448876857757568e-01
-2.137967050075531006e-01
-1.902371644973754883e-01
-1.634426414966583252e-01
-6.531886011362075806e-02
2.875268459320068359e-02
-1.368023902177810669e-01
1.067640632390975952e-01
4.342884570360183716e-02
-1.543880347162485123e-02
1.079634353518486023e-01
-1.952586621046066284e-01
-1.205179020762443542e-01
-9.795996360480785370e-03
-2.567145600914955139e-02
-2.078239321708679199e-01
8.290722221136093140e-02
-1.525350008159875870e-02
5.203016102313995361e-02
-1.100809201598167419e-01
6.978170573711395264e-02
5.066488310694694519e-02
2.243110835552215576e-01
4.331852868199348450e-02
-1.861619353294372559e-01
1.859364658594131470e-01
4.078377410769462585e-02
1.876502037048339844e-01
7.259369641542434692e-02
-1.715489327907562256e-01
-2.317713014781475067e-02
-1.926751136779785156e-01
1.793742179870605469e-01
5.249711498618125916e-02
-1.172751411795616150e-01
-7.753487676382064819e-02
4.006619006395339966e-02
1.311842352151870728e-01
-6.174767389893531799e-02
-2.352997660636901855e-01
-1.522755175828933716e-01
9.932915121316909790e-02
-3.063234314322471619e-02
7.638429850339889526e-02
3.957258909940719604e-02
-1.001380980014801025e-01
1.126790791749954224e-01
-3.375594317913055420e-02
1.130096018314361572e-01
1.853194087743759155e-01
-2.148739099502563477e-01
-1.522414535284042358e-01
5.040558800101280212e-02
-3.942826017737388611e-02
9.161383658647537231e-02
6.260167807340621948e-02
-8.759224414825439453e-02
5.174728482961654663e-02
1.265570223331451416e-01
-1.292968243360519409e-01
1.406589057296514511e-02
1.923140585422515869e-01
1.146216243505477905e-01
-7.770022843033075333e-03
6.985189765691757202e-02
-1.085732579231262207e-01
1.471101641654968262e-01
9.952406585216522217e-02
1.187850311398506165e-01
-7.603447884321212769e-02
2.188535183668136597e-01
8.993398398160934448e-02
1.393759623169898987e-02
1.457855254411697388e-01
1.097664982080459595e-01
-1.282958686351776123e-01
3.685159608721733093e-02
-1.331847161054611206e-01
-7.304622232913970947e-02
3.837745636701583862e-02
-1.297713369131088257e-01
-5.180161446332931519e-02
-5.844291672110557556e-02
1.607131771743297577e-02
-1.846649795770645142e-01
1.712192296981811523e-01
-1.875492036342620850e-01
-1.902462691068649292e-01
1.845349371433258057e-01
1.697839498519897461e-01
-1.386369317770004272e-01
-1.354510337114334106e-01
-2.748211026191711426e-01
-5.588056147098541260e-02
1.315821800380945206e-02
1.496801078319549561e-01
2.176353782415390015e-01
8.349461853504180908e-02
-8.392079919576644897e-02
-1.584362387657165527e-01
-1.477312296628952026e-01
1.362335681915283203e-01
1.396273821592330933e-01
-5.124203488230705261e-02
1.118071079254150391e-01
-1.114429626613855362e-02
-6.147886067628860474e-02
-2.687618881464004517e-02
-1.212129276245832443e-02
7.503147423267364502e-02
2.299700081348419189e-01
-2.075848728418350220e-01
1.724658012390136719e-01
-3.597803646698594093e-03
-2.358203381299972534e-01
-2.097690999507904053e-01
1.725101470947265625e-01
2.158431559801101685e-01
-1.786090284585952759e-01
-8.144162595272064209e-02
2.114756554365158081e-01
-9.419682621955871582e-02
-1.416835784912109375e-01
-1.837457716464996338e-01
1.293490976095199585e-01
-6.704747211188077927e-03
6.569896638393402100e-02
-1.341558098793029785e-01
-2.168614268302917480e-01
4.056908935308456421e-02
8.274788409471511841e-02
1.208949461579322815e-01
1.079533100128173828e-01
1.694292724132537842e-01
1.257510036230087280e-01
1.725413203239440918e-01
-1.595633476972579956e-01
-2.910195291042327881e-02
1.636803597211837769e-01
-1.835100799798965454e-01
-1.736273616552352905e-02
-1.675431579351425171e-01
-1.838681288063526154e-02
-2.046907097101211548e-01
-1.073633581399917603e-01
-8.497371524572372437e-02
5.995715782046318054e-02
6.334821134805679321e-02
-5.095332860946655273e-02
5.765599664300680161e-03
-1.982586085796356201e-01
-3.729311376810073853e-02
1.403097063302993774e-01
2.092180848121643066e-01
1.335459500551223755e-01
1.073451340198516846e-01
2.347375005483627319e-01
1.641466021537780762e-01
-2.215320020914077759e-01
-7.594566792249679565e-02
-1.280868649482727051e-01
1.629941761493682861e-01
-3.277493407949805260e-03
1.570226997137069702e-01
2.294315258041024208e-03
-1.117080003023147583e-01
-3.174144029617309570e-02
-4.105404019355773926e-03
-4.870065674185752869e-02
1.556997299194335938e-01
-2.631277441978454590e-01
7.789117842912673950e-02
-1.398855447769165039e-01
-1.117588132619857788e-01
-8.680018037557601929e-02
-1.050842329859733582e-01
-1.068470552563667297e-01
2.053898870944976807e-01
2.966368943452835083e-02
-2.040172964334487915e-01
1.940002292394638062e-01
-1.541208773851394653e-01
-1.730315238237380981e-01
1.837141662836074829e-01
1.933940313756465912e-02
9.082539379596710205e-02
2.007448673248291016e-01
-9.965243935585021973e-02
-1.139444485306739807e-01
8.409636467695236206e-02
1.458184719085693359e-01
1.318561434745788574e-01
9.675032645463943481e-02
-1.599371582269668579e-01
-4.521733522415161133e-02
-1.391485035419464111e-01
-5.496247112751007080e-02
1.644570231437683105e-01
6.182608008384704590e-02
7.200928777456283569e-02
-5.460164323449134827e-02
-7.725996524095535278e-02
1.810031831264495850e-01
-1.386557370424270630e-01
-1.701131276786327362e-02
-1.383076161146163940e-01
-1.143623068928718567e-01
-6.351258605718612671e-02
-1.088519990444183350e-01
5.889401212334632874e-02
-2.341419309377670288e-01
-1.803950173780322075e-03
-7.314717024564743042e-02
-9.184457361698150635e-03
-2.152612060308456421e-01
1.528692543506622314e-01
6.165555864572525024e-02
1.637190580368041992e-01
-8.455009013414382935e-02
-3.220118582248687744e-02
4.151181504130363464e-02
6.262376159429550171e-02
-1.491920053958892822e-01
-1.092532426118850708e-01
6.752131879329681396e-02
-2.207640707492828369e-01
1.014473214745521545e-01
-5.678197741508483887e-02
1.284230500459671021e-01
4.568627476692199707e-02
2.054554969072341919e-02
1.917500942945480347e-01
4.686764627695083618e-02
-9.340984374284744263e-02
-5.527426674962043762e-02
-1.598715037107467651e-02
1.013747230172157288e-02
2.479629963636398315e-01
-1.057265847921371460e-01
6.757044047117233276e-02
-3.955145180225372314e-02
9.870627522468566895e-02
-1.780117303133010864e-01
1.445392668247222900e-01
-2.141024470329284668e-01
-8.912201225757598877e-02
6.628374010324478149e-02
1.107798293232917786e-01
-6.106144934892654419e-02
-3.160581365227699280e-02
-1.635657623410224915e-02
5.377630516886711121e-02
1.666048765182495117e-01
9.425334632396697998e-02
9.555817395448684692e-02
-1.056025102734565735e-01
-1.486145704984664917e-01
1.170940473675727844e-01
-1.129685044288635254e-01
5.703601986169815063e-02
-6.955590099096298218e-02
-8.032169193029403687e-02
-7.149464450776576996e-03
4.696011170744895935e-02
-4.011281952261924744e-02
-1.711079329252243042e-01
-7.774564623832702637e-02
4.683754220604896545e-02
1.648513078689575195e-01
1.196451336145401001e-01
1.361081749200820923e-01
-1.379759460687637329e-01
4.716719314455986023e-02
-1.118481606245040894e-01
-2.276137620210647583e-01
-2.498470097780227661e-01
1.284897625446319580e-01
-7.426681369543075562e-02
1.329190582036972046e-01
1.857707649469375610e-02
6.219423934817314148e-02
1.809633225202560425e-01
1.611999273300170898e-01
-9.628252126276493073e-03
1.453837901353836060e-01
1.071560531854629517e-01
-4.994921386241912842e-02
1.037588417530059814e-01
-1.658971048891544342e-02
2.196426540613174438e-01
-2.010599970817565918e-01
-1.779197156429290771e-01
1.039079576730728149e-01
1.149059310555458069e-01
2.367651909589767456e-01
1.006491333246231079e-01
-9.211034327745437622e-02
5.335029587149620056e-02
-1.969868838787078857e-01
1.588820479810237885e-03
-8.374144136905670166e-02
1.878844350576400757e-01
-3.610749542713165283e-02
-3.445224370807409286e-03
1.833119243383407593e-01
1.503333002328872681e-01
1.443908661603927612e-01
-1.334204375743865967e-01
-1.291044354438781738e-01
-1.364447027444839478e-01
-4.765195772051811218e-02
-1.188196688890457153e-01
5.856693163514137268e-02
-1.723732501268386841e-01
1.583486795425415039e-01
-2.183391004800796509e-01
1.799499383196234703e-03
1.844742596149444580e-01
-1.697999238967895508e-01
-2.265232652425765991e-01
3.866549953818321228e-02
2.003330439329147339e-01
1.757719218730926514e-01
6.374239921569824219e-02
-2.054970860481262207e-01
9.315050393342971802e-02
-2.239735610783100128e-02
2.218225449323654175e-01
1.366855055093765259e-01
5.943968147039413452e-02
-9.434814751148223877e-02
7.792387902736663818e-02
-1.394607126712799072e-01
8.895526081323623657e-02
-1.805144846439361572e-01
-4.599928110837936401e-02
1.209666058421134949e-01
-1.728311181068420410e-01
3.987289592623710632e-02
-1.411029994487762451e-01
1.507666148245334625e-02
1.286798901855945587e-02
-1.782768368721008301e-01
-1.328567713499069214e-01
-8.833832293748855591e-02
1.713285148143768311e-01
-2.182496786117553711e-01
2.012287229299545288e-01
1.509656757116317749e-01
1.494039297103881836e-01
-8.839073777198791504e-02
9.265857189893722534e-02
1.401637047529220581e-01
2.558866143226623535e-02
2.084080278873443604e-01
1.572221145033836365e-02
1.830076575279235840e-01
1.708445847034454346e-01
-8.859413862228393555e-02
3.636126220226287842e-02
3.055940940976142883e-02
-1.733542978763580322e-02
-1.851466894149780273e-01
5.118024721741676331e-02
-1.547262370586395264e-01
8.448365330696105957e-02
1.780756376683712006e-02
-2.619182504713535309e-02
-9.571191668510437012e-02
-1.393807977437973022e-01
-1.126391347497701645e-02
-1.993543803691864014e-01
-1.205004453659057617e-01
1.198167055845260620e-01
-7.916492223739624023e-02
1.136132925748825073e-01
-6.071402132511138916e-02
8.450209163129329681e-03
-1.559073626995086670e-01
8.629136532545089722e-02
-1.847540587186813354e-01
1.014993712306022644e-01
1.275643110275268555e-01
7.335156947374343872e-02
1.844744235277175903e-01
7.213094830513000488e-02
-1.289349514991044998e-02
9.608805924654006958e-02
1.518150269985198975e-01
1.462460458278656006e-01
-1.518415808677673340e-01
-2.057148963212966919e-01
-1.974621713161468506e-01
6.231478974223136902e-02
2.233674190938472748e-02
-4.705838486552238464e-02
7.932522147893905640e-02
-5.671059340238571167e-02
-7.838886231184005737e-03
1.018935069441795349e-01
4.326067864894866943e-02
9.258683770895004272e-02
1.875699609518051147e-01
9.371687658131122589e-03
8.377120643854141235e-02
1.223150342702865601e-01
5.964146554470062256e-02
-2.041246891021728516e-01
-2.197571992874145508e-01
-1.497830301523208618e-01
1.243181899189949036e-01
-8.735894225537776947e-03
-1.024887412786483765e-01
2.461774274706840515e-02
-3.454297780990600586e-02
-1.231553927063941956e-01
1.579045355319976807e-01
4.553874954581260681e-02
1.135084927082061768e-01
4.011518508195877075e-02
-1.102548465132713318e-01
5.295454524457454681e-03
-1.426453590393066406e-01
-4.305559396743774414e-02
5.710667371749877930e-02
-1.171241253614425659e-01
-1.963959932327270508e-01
1.920261979103088379e-02
-1.386792659759521484e-01
1.177573204040527344e-01
-1.923695206642150879e-01
-1.442886441946029663e-01
-1.275286078453063965e-01
3.551226109266281128e-02
6.687240302562713623e-02
4.331574309617280960e-03
3.088263422250747681e-02
-1.219290420413017273e-01
-4.306528717279434204e-02
-1.792507171630859375e-01
-1.924002766609191895e-01
1.534530669450759888e-01
1.850567907094955444e-01
-1.156978085637092590e-01
1.015408188104629517e-01
-1.695908904075622559e-01
1.379891186952590942e-01
9.058835357427597046e-02
-1.341586560010910034e-01
-1.594944149255752563e-01
1.892614811658859253e-01
-1.346729397773742676e-01
2.549400925636291504e-02
7.619097083806991577e-02
8.931744843721389771e-02
7.402302324771881104e-02
9.277918189764022827e-02
-6.259082257747650146e-02
8.158818632364273071e-02
-1.417401432991027832e-01
-5.265257135033607483e-02
-1.500619351863861084e-01
1.148134469985961914e-01
-2.301816083490848541e-02
5.172033607959747314e-02
-1.203350629657506943e-02
-1.551319360733032227e-01
8.966122567653656006e-02
6.326017528772354126e-02
-1.943437308073043823e-01
1.825612783432006836e-02
-3.861501812934875488e-02
1.354284435510635376e-01
-1.764227300882339478e-01
1.939489506185054779e-02
-1.824570149183273315e-01
-2.087656259536743164e-01
-2.185657322406768799e-01
-9.676395915448665619e-03
-2.292814105749130249e-02
-1.322582364082336426e-01
4.057554528117179871e-02
-1.458576414734125137e-02
-8.687261492013931274e-02
-1.646066009998321533e-01
-1.655902862548828125e-01
8.262301236391067505e-02
8.214908093214035034e-02
-1.201460286974906921e-01
-8.489625900983810425e-02
1.603984087705612183e-01
2.062472403049468994e-01
1.262407600879669189e-01
5.921197682619094849e-02
-1.154943089932203293e-02
2.039524167776107788e-01
-2.066465169191360474e-01
-2.172487787902355194e-02
-8.457630872726440430e-02
-5.579975247383117676e-02
8.576433360576629639e-02
1.907718181610107422e-02
1.221896037459373474e-01
3.740330412983894348e-02
3.598152846097946167e-02
1.886877790093421936e-02
-1.762567460536956787e-01
1.343063637614250183e-02
5.731922015547752380e-02
1.935043744742870331e-02
-1.883740574121475220e-01
-1.219530925154685974e-01
1.497899144887924194e-01
-1.673665940761566162e-01
-3.351326659321784973e-02
1.617081761360168457e-01
-3.327246755361557007e-02
-2.784084714949131012e-02
1.430123150348663330e-01
1.638925671577453613e-01
1.452604681253433228e-01
-8.630507625639438629e-03
3.781364113092422485e-02
1.058168038725852966e-01
-1.173137575387954712e-01
9.639601409435272217e-02
8.608265221118927002e-02
-8.545343577861785889e-02
-2.064153738319873810e-02
-1.296295821666717529e-01
2.621591649949550629e-02
-3.138323128223419189e-02
-1.683198213577270508e-01
6.741629540920257568e-02
-8.911158889532089233e-02
8.952080272138118744e-03
-8.739633858203887939e-02
1.779066026210784912e-01
1.837745159864425659e-01
4.493414424359798431e-03
1.450337767601013184e-01
-1.674857176840305328e-02
-8.301503211259841919e-02
2.469199597835540771e-01
-2.630522660911083221e-02
-9.649433195590972900e-02
6.222733110189437866e-02
1.705360412597656250e-01
-1.454704701900482178e-01
-2.165421545505523682e-01
4.286324977874755859e-02
-1.142121627926826477e-01
1.509058177471160889e-01
-2.054367810487747192e-01
-1.935129612684249878e-02
9.233739227056503296e-02
-1.389275025576353073e-02
7.716172933578491211e-02
-4.112858325242996216e-02
1.330597102642059326e-01
3.745460882782936096e-02
9.061730653047561646e-02
-1.136408373713493347e-01
-5.520714074373245239e-02
-9.836872667074203491e-02
-1.890709400177001953e-01
8.001060783863067627e-02
-1.213362514972686768e-01
2.053637653589248657e-01
-7.020168751478195190e-02
1.187302265316247940e-02
1.422103047370910645e-01
-4.989908635616302490e-02
-2.220230549573898315e-01
-2.634866535663604736e-02
1.399047076702117920e-01
2.028938010334968567e-02
-1.047390252351760864e-01
-7.541243452578783035e-03
-8.294016867876052856e-02
-1.954728066921234131e-01
-1.144926026463508606e-01
-1.589062660932540894e-01
9.448657184839248657e-02
-2.186370939016342163e-01
9.708971530199050903e-02
1.374024599790573120e-01
-3.029381670057773590e-02
-1.653323322534561157e-01
1.472740173339843750e-01
6.658866256475448608e-02
-2.718336693942546844e-02
1.433429419994354248e-01
-1.880275309085845947e-01
9.132889658212661743e-02
-1.003444343805313110e-01
1.247324198484420776e-01
1.132527068257331848e-01
1.749093532562255859e-01
-1.034791097044944763e-01
1.036556810140609741e-01
-1.313280165195465088e-01
1.971277743577957153e-01
-4.945505410432815552e-02
-1.569059342145919800e-01
4.997242987155914307e-02
1.322704404592514038e-01
1.924310475587844849e-01
-7.610732223838567734e-03
-1.264197528362274170e-01
1.457119584083557129e-01
4.324674606323242188e-02
6.816516071557998657e-02
1.793716400861740112e-01
8.348719030618667603e-02
2.289600074291229248e-01
1.494438499212265015e-01
-5.100462585687637329e-02
2.039995342493057251e-01
8.332990109920501709e-02
-1.941156536340713501e-01
-1.625408530235290527e-01
1.381274014711380005e-01
5.355181917548179626e-02
-1.808638311922550201e-02
-1.316885352134704590e-01
4.367325827479362488e-02
-1.039204448461532593e-01
1.803765445947647095e-01
-4.062199965119361877e-03
1.288066655397415161e-01
-1.731768697500228882e-01
-1.049312353134155273e-01
-1.255864836275577545e-02
-5.024908855557441711e-02
-1.697043776512145996e-01
-7.656719535589218140e-02
-7.122483849525451660e-02
3.867304697632789612e-02
1.480099409818649292e-01
9.880381822586059570e-02
-1.818067878484725952e-01
1.636695414781570435e-01
8.556314557790756226e-02
1.862264573574066162e-01
-1.484796255826950073e-01
-1.164345890283584595e-01
1.486325412988662720e-01
1.482222527265548706e-01
-1.047833412885665894e-01
-2.882082574069499969e-02
1.513901799917221069e-01
-1.091519836336374283e-02
2.424800097942352295e-01
1.473300904035568237e-01
1.301140487194061279e-01
-9.385452419519424438e-02
1.386637091636657715e-01
-9.114386886358261108e-02
3.775491565465927124e-02
1.758237034082412720e-01
2.365557290613651276e-02
-4.255597013980150223e-03
-7.462183386087417603e-02
5.233526229858398438e-02
-7.286849617958068848e-02
2.572099864482879639e-02
1.105644628405570984e-01
-1.365075558423995972e-01
3.882071003317832947e-02
-7.338473200798034668e-02
-1.963642686605453491e-01
3.012419864535331726e-02
-1.956702321767807007e-01
-1.767304539680480957e-01
2.185528427362442017e-01
1.764563471078872681e-01
-9.589619003236293793e-03
-3.488278761506080627e-02
-2.321876734495162964e-01
5.365873873233795166e-02
1.120139211416244507e-01
-1.108508780598640442e-01
-2.728922758251428604e-03
9.891574829816818237e-02
-1.088448092341423035e-01
-5.117364227771759033e-02
-1.631117984652519226e-02
6.078724190592765808e-02
4.259528592228889465e-02
1.161903701722621918e-02
1.024160757660865784e-01
-2.787698991596698761e-02
-2.165109962224960327e-01
4.380553960800170898e-02
5.967995151877403259e-02
-1.546139270067214966e-01
-1.726595610380172729e-01
-3.543054684996604919e-02
1.132791191339492798e-01
-1.370690613985061646e-01
-1.353731751441955566e-01
-1.913470178842544556e-01
1.756712198257446289e-01
-2.392976582050323486e-01
-1.985865980386734009e-01
-1.781135350465774536e-01
7.995135337114334106e-02
-1.842272281646728516e-02
1.102490164339542389e-02
5.572232604026794434e-02
-1.966443806886672974e-01
-1.726856082677841187e-01
-3.383747488260269165e-02
-1.267007887363433838e-01
1.685263365507125854e-01
1.134347096085548401e-01
-2.445995509624481201e-01
-4.798820707947015762e-03
-1.500333696603775024e-01
-1.520643383264541626e-01
-6.193294748663902283e-02
-1.038433685898780823e-01
1.139676943421363831e-02
8.564555644989013672e-02
2.052555531263351440e-01
-3.373081237077713013e-02
-1.019015610218048096e-01
1.912789791822433472e-01
-8.701828867197036743e-02
-8.832716941833496094e-02
-3.646264597773551941e-02
1.959273815155029297e-01
1.340138353407382965e-02
2.145214676856994629e-01
9.001602232456207275e-02
-9.174217283725738525e-02
-3.003109991550445557e-02
-1.734450459480285645e-01
1.303908824920654297e-01
1.186753734946250916e-01
1.648828834295272827e-01
-2.525511980056762695e-01
-1.197832450270652771e-01
1.980111002922058105e-01
-1.390583515167236328e-01
-2.081227004528045654e-01
2.112807631492614746e-01
1.114482060074806213e-01
1.924926787614822388e-01
-1.854609251022338867e-01
1.756608635187149048e-01
-7.082008570432662964e-02
1.884719878435134888e-01
-1.040170043706893921e-01
1.067626476287841797e-02
-2.184567004442214966e-01
1.409268230199813843e-01
-1.343301087617874146e-01
-1.420224308967590332e-01
-1.276326477527618408e-01
1.172277703881263733e-01
1.613353490829467773e-01
1.295102536678314209e-01
-1.881673783063888550e-01
9.258262068033218384e-02
-3.778478875756263733e-02
-3.790296614170074463e-02
6.334938108921051025e-02
1.902071386575698853e-02
-1.056634634733200073e-01
5.342647805809974670e-02
4.752812907099723816e-02
9.813746809959411621e-02
1.377812623977661133e-01
-1.054062247276306152e-01
2.402393668889999390e-01
-7.560975849628448486e-02
1.329373419284820557e-01
-9.575678408145904541e-02
-8.802411705255508423e-02
1.492792814970016479e-01
1.565296798944473267e-01
4.609634727239608765e-02
