-3.401006758213043213e-02
-4.499324783682823181e-02
-2.148841507732868195e-02
3.427378177642822266e+00
2.617742121219635010e-01
-5.386877432465553284e-02
-1.830400377511978149e-01
2.976030111312866211e+00
-4.605232551693916321e-02
2.488276481628417969e+00
-1.067945957183837891e-01
-7.061205059289932251e-02
-1.727696537971496582e+00
-4.370135813951492310e-02
-7.876382023096084595e-02
2.986086368560791016e+00
-6.653610616922378540e-02
-1.701435279846191406e+01
-3.737533837556838989e-02
-6.139596551656723022e-02
