1.151816725730895996e+00
-4.844982922077178955e-02
-1.364664912223815918e+00
5.228182300925254822e-02
-9.197429418563842773e-01
-7.847275137901306152e-01
-1.480219602584838867e+00
1.769849807024002075e-01
-1.091069340705871582e+00
-1.314417719841003418e+00
-1.496383190155029297e+00
-1.034398317337036133e+00
-1.459496736526489258e+00
4.528158307075500488e-01
-2.518653869628906250e+00
-9.870886802673339844e-01
-1.192934751510620117e+00
-1.060084939002990723e+00
-3.286715149879455566e-01
-1.256910562515258789e+00
-3.116511553525924683e-02
-1.778585910797119141e+00
-7.811838984489440918e-01
-1.052228450775146484e+00
-9.434133172035217285e-01
-1.450723052024841309e+00
1.547763347625732422e-01
-1.181685566902160645e+00
-1.406278014183044434e+00
5.216681361198425293e-01
-2.199370861053466797e+00
-1.735072970390319824e+00
1.028342247009277344e+00
-2.291713714599609375e+00
-1.658401250839233398e+00
8.303223848342895508e-01
-5.866602659225463867e-01
-3.782729208469390869e-01
-1.606351375579833984e+00
-1.163459181785583496e+00
5.406442880630493164e-01
4.930307269096374512e-01
-1.393649101257324219e+00
-1.636783123016357422e+00
-1.149991869926452637e+00
-1.872873187065124512e+00
-8.649104833602905273e-01
-8.696467280387878418e-01
-6.269156932830810547e-01
-7.944991588592529297e-01
-1.318733692169189453e+00
-3.825948834419250488e-01
-1.403591275215148926e+00
-1.763068199157714844e+00
-1.231106519699096680e+00
-3.415778160095214844e+00
-6.885297894477844238e-01
-2.231026411056518555e+00
-1.409556865692138672e+00
-6.003213524818420410e-01
-1.159447193145751953e+00
-1.508504390716552734e+00
-7.847467660903930664e-01
-2.036030530929565430e+00
-1.477528214454650879e-01
-1.381722211837768555e+00
-1.102343082427978516e+00
-2.720120191574096680e+00
-1.311690211296081543e-01
3.041608631610870361e-01
5.931205153465270996e-01
-1.571184635162353516e+00
-7.195958495140075684e-01
2.964787483215332031e-01
-5.558609962463378906e-01
-1.790796399116516113e+00
-1.510556578636169434e+00
-6.466884613037109375e-01
-3.008791804313659668e-01
1.197572723031044006e-01
-2.447143554687500000e+00
-1.344412922859191895e+00
-3.893212974071502686e-02
-1.127142548561096191e+00
-1.196157097816467285e+00
-4.012093245983123779e-01
2.363615185022354126e-01
-7.579336762428283691e-01
1.194319963455200195e+00
-2.175441503524780273e+00
4.890156686305999756e-01
-1.950114011764526367e+00
-3.714846968650817871e-01
4.386811256408691406e-01
-1.380403041839599609e+00
-7.936945557594299316e-01
-1.389180064201354980e+00
-2.924375832080841064e-01
-6.361182928085327148e-01
-1.104226827621459961e+00
