2.581008337438106537e-02
8.079774677753448486e-03
-3.090024739503860474e-02
-1.376393157988786697e-02
1.974020525813102722e-02
-2.095324546098709106e-02
1.365593168884515762e-02
3.228507237508893013e-03
-1.285387109965085983e-02
1.093212421983480453e-02
2.235976234078407288e-02
-2.102553844451904297e-02
3.307546302676200867e-02
-3.083857521414756775e-02
-8.601901121437549591e-03
-2.014862559735774994e-02
-5.957687390036880970e-04
2.780837751924991608e-02
-2.188745327293872833e-02
5.119187291711568832e-03
2.658442361280322075e-03
3.235520049929618835e-02
-1.731882989406585693e-02
1.732835732400417328e-02
1.679279282689094543e-02
-2.558982232585549355e-03
6.136435549706220627e-03
7.335843984037637711e-03
-1.273920852690935135e-02
-1.823273859918117523e-02
-1.859108172357082367e-02
1.254629530012607574e-02
7.668298669159412384e-03
-5.468527320772409439e-03
9.862476028501987457e-03
2.950750291347503662e-03
-6.391644477844238281e-03
-1.464841421693563461e-02
2.151343785226345062e-02
-3.720937762409448624e-03
2.509003272280097008e-03
1.829572021961212158e-02
-1.513276156038045883e-02
1.235560327768325806e-02
-1.749568036757409573e-03
3.319513425230979919e-02
1.455271337181329727e-02
1.685728877782821655e-02
2.609894983470439911e-02
2.538222819566726685e-02
1.877261698246002197e-02
6.842527538537979126e-03
-1.296952646225690842e-02
3.673781454563140869e-02
1.877505145967006683e-02
-5.879581440240144730e-03
3.315658308565616608e-03
-2.897890098392963409e-02
-2.646338380873203278e-02
2.170801721513271332e-02
-2.003200165927410126e-02
-6.734689697623252869e-03
2.712868899106979370e-02
-2.425185404717922211e-02
2.471866644918918610e-02
-1.121901907026767731e-02
-1.989789679646492004e-02
-9.839853271842002869e-03
1.420959457755088806e-02
-2.009702287614345551e-02
-8.357541635632514954e-03
2.981387823820114136e-02
5.912321154028177261e-03
-2.369999885559082031e-02
-2.589817158877849579e-03
-3.247851505875587463e-03
2.496411651372909546e-02
1.548789069056510925e-02
2.712135575711727142e-02
-4.296722635626792908e-02
1.517888810485601425e-02
-1.641906052827835083e-02
-3.942800685763359070e-02
2.891934127546846867e-04
-2.791493432596325874e-03
2.380939200520515442e-02
1.201383396983146667e-02
-1.800466887652873993e-02
-1.453777216374874115e-02
-2.827116474509239197e-02
1.594426110386848450e-02
3.128947690129280090e-02
-1.569812418892979622e-03
-8.803182281553745270e-03
-2.991709858179092407e-02
-9.956438094377517700e-03
1.113232038915157318e-02
2.832761034369468689e-02
-1.982942037284374237e-02
-1.155594270676374435e-02
1.274788379669189453e-02
-2.541705407202243805e-02
3.944167401641607285e-03
-2.194087021052837372e-02
2.680561132729053497e-02
1.658465899527072906e-02
2.098446153104305267e-02
3.851889073848724365e-02
-1.233654655516147614e-02
-2.623557858169078827e-02
8.771226741373538971e-03
4.881113301962614059e-03
-1.719806157052516937e-02
-1.232376787811517715e-02
2.060653455555438995e-02
5.347222089767456055e-03
-3.697859589010477066e-03
1.966611295938491821e-02
-3.296760842204093933e-02
2.772681601345539093e-02
2.279440499842166901e-02
2.170213883800897747e-05
-2.822371432557702065e-03
1.476538088172674179e-02
-2.756968513131141663e-02
-5.090193822979927063e-03
-9.063335135579109192e-03
-1.451221108436584473e-02
-2.020360901951789856e-02
-1.996158063411712646e-02
-2.967256493866443634e-02
3.897593915462493896e-02
-3.721458464860916138e-02
-1.741740107536315918e-02
-2.232728712260723114e-02
-4.693692550063133240e-03
1.668521016836166382e-02
2.718854509294033051e-02
-3.722643596120178699e-04
-2.201547846198081970e-02
-1.216500997543334961e-03
-1.522849872708320618e-02
3.015874139964580536e-02
-2.153355628252029419e-03
-4.426091909408569336e-03
-9.808382950723171234e-03
1.773943379521369934e-02
2.932884730398654938e-02
-2.989551052451133728e-02
-4.097650235053151846e-04
3.648483194410800934e-03
2.361972071230411530e-02
1.062558032572269440e-02
-1.293367240577936172e-02
-1.444750651717185974e-02
-2.321056649088859558e-02
-1.237114239484071732e-02
-2.252094075083732605e-02
3.298504650592803955e-02
-2.528543397784233093e-02
-2.653357386589050293e-02
2.145328745245933533e-02
1.334221754223108292e-02
1.143180951476097107e-02
-9.412437677383422852e-03
-2.998270653188228607e-02
2.880818955600261688e-02
3.301123157143592834e-02
7.212975993752479553e-03
-2.562032826244831085e-02
-1.615760847926139832e-02
-1.167946611531078815e-03
-2.485524117946624756e-02
-6.597608793526887894e-03
-1.253498718142509460e-02
2.434923127293586731e-02
3.159353137016296387e-02
4.338814411312341690e-03
-1.466944231651723385e-03
-1.807698234915733337e-02
1.728712022304534912e-02
5.023095756769180298e-03
-9.445699863135814667e-03
2.722355164587497711e-02
7.310757879167795181e-03
-5.612344248220324516e-04
-1.266588643193244934e-02
7.328905165195465088e-03
2.834460698068141937e-02
-3.441718965768814087e-02
1.779908128082752228e-02
-1.219061203300952911e-02
-3.257798263803124428e-03
1.492089871317148209e-02
-3.018162958323955536e-02
-2.210865542292594910e-02
2.938108332455158234e-02
-2.720135077834129333e-02
-3.046100400388240814e-02
-1.619238592684268951e-02
3.046238608658313751e-02
-7.152792066335678101e-03
9.649258106946945190e-03
-2.741937292739748955e-03
-7.076280890032649040e-04
-1.653560809791088104e-02
-1.256461907178163528e-02
3.540426865220069885e-02
5.880572367459535599e-03
-1.100851502269506454e-02
6.916065234690904617e-03
-1.833090558648109436e-02
-1.844057254493236542e-02
6.697586271911859512e-03
8.779617026448249817e-03
-3.081941604614257812e-02
-1.071732211858034134e-02
2.607127092778682709e-02
-1.344667002558708191e-02
1.099950075149536133e-02
2.192330546677112579e-02
-1.555733010172843933e-02
3.249370260164141655e-03
-2.703447453677654266e-02
2.793889865279197693e-02
1.950422488152980804e-02
9.343963116407394409e-03
-2.911163121461868286e-02
2.834995090961456299e-02
1.322527322918176651e-02
4.080976359546184540e-03
2.982892282307147980e-02
2.391299605369567871e-02
1.365100126713514328e-02
2.437170967459678650e-02
-3.150855004787445068e-02
2.647399157285690308e-02
-1.656313799321651459e-02
-5.431011086329817772e-04
1.295389607548713684e-02
3.493090625852346420e-03
2.802170254290103912e-02
2.073178626596927643e-02
-8.264373987913131714e-03
-1.265719346702098846e-02
1.791438832879066467e-02
-2.307354472577571869e-02
1.736325398087501526e-02
-9.205234237015247345e-03
1.312060095369815826e-02
2.847458794713020325e-02
1.828286983072757721e-02
-2.872372046113014221e-02
-2.933656610548496246e-02
-4.031729698181152344e-02
8.459044620394706726e-03
2.596883475780487061e-02
1.438208762556314468e-02
1.974749937653541565e-02
-1.102718245238065720e-02
-2.914082631468772888e-02
-5.430737044662237167e-03
-2.047226764261722565e-02
-8.046175353229045868e-03
7.069711107760667801e-03
-3.322767093777656555e-02
5.254223011434078217e-03
3.066337667405605316e-02
-5.196753889322280884e-03
1.376540586352348328e-02
-2.372433431446552277e-02
1.625585369765758514e-02
-2.664218842983245850e-02
-2.215979620814323425e-02
2.471421612426638603e-03
7.304450497031211853e-03
-3.801762824878096581e-03
-2.380836941301822662e-02
8.703957311809062958e-03
-1.332127582281827927e-02
-1.838589273393154144e-02
7.488165516406297684e-03
9.720196947455406189e-03
1.651540398597717285e-02
2.497642859816551208e-02
-2.286876318976283073e-03
-2.725809998810291290e-02
-2.267297543585300446e-02
2.547154389321804047e-02
-2.415193431079387665e-02
1.505737379193305969e-02
4.516046028584241867e-03
1.296888198703527451e-02
2.666417974978685379e-03
2.024322561919689178e-02
8.486629463732242584e-03
1.354151125997304916e-02
-2.771642431616783142e-02
-8.693812415003776550e-03
1.216230913996696472e-02
-3.031508438289165497e-02
1.178623549640178680e-02
5.430223420262336731e-03
-2.432034350931644440e-02
-2.165358886122703552e-02
-2.973618172109127045e-02
-1.069879997521638870e-02
1.564486883580684662e-02
6.767473532818257809e-04
-6.992030888795852661e-03
1.026955433189868927e-02
-2.166117541491985321e-02
-2.001071348786354065e-02
1.928591355681419373e-02
2.485465072095394135e-02
2.841746434569358826e-02
-2.042719163000583649e-02
4.497566726058721542e-03
8.106602355837821960e-03
-1.724681630730628967e-02
-2.222497202455997467e-02
8.968432433903217316e-03
2.148362109437584877e-03
-1.191768329590559006e-02
-5.897153634577989578e-03
2.763798460364341736e-02
1.362543087452650070e-02
1.457636617124080658e-02
1.106806658208370209e-02
-1.784894987940788269e-02
-1.010523829609155655e-02
-2.484688721597194672e-02
7.115747313946485519e-03
1.548719592392444611e-02
7.492161355912685394e-03
-1.101749017834663391e-02
2.200106717646121979e-02
1.860694959759712219e-02
-2.096777409315109253e-02
2.673197910189628601e-02
-1.284310594201087952e-02
4.943788051605224609e-03
-3.343337401747703552e-02
1.518269907683134079e-02
7.035176735371351242e-03
1.249711401760578156e-02
9.846414439380168915e-03
-2.916717343032360077e-02
-1.153597324332622520e-07
-1.977588050067424774e-02
2.851313725113868713e-02
-7.998507469892501831e-03
-1.933635026216506958e-02
-5.280383047647774220e-04
-2.650921046733856201e-02
2.841994352638721466e-02
-2.738326229155063629e-02
2.850449457764625549e-02
9.466301649808883667e-03
-5.264415871351957321e-03
1.816371455788612366e-02
-2.418950945138931274e-02
-2.367801964282989502e-02
5.557367112487554550e-03
1.959897018969058990e-02
-2.900972962379455566e-02
1.705503650009632111e-02
2.415407635271549225e-02
-1.789385266602039337e-02
2.342124003916978836e-03
5.148951895534992218e-03
-1.672097109258174896e-02
2.690385840833187103e-02
-1.164819393306970596e-02
-1.271129027009010315e-02
1.631311140954494476e-02
1.490806695073843002e-02
3.286855528131127357e-03
7.608670275658369064e-03
-2.310735359787940979e-02
1.632548309862613678e-02
-1.338756177574396133e-02
-2.091247402131557465e-02
6.132489535957574844e-03
-8.033726364374160767e-03
-1.086875237524509430e-02
-9.099650196731090546e-03
-4.484211094677448273e-03
2.002878114581108093e-03
-4.478439223021268845e-03
-9.748123586177825928e-03
1.834426261484622955e-02
1.488536130636930466e-02
-1.162501145154237747e-02
1.178051717579364777e-02
-2.692301943898200989e-02
-1.819752529263496399e-02
1.792411319911479950e-02
2.338699996471405029e-02
1.697815395891666412e-02
-5.791527219116687775e-03
-3.940817900002002716e-03
1.369504909962415695e-02
-1.353381201624870300e-02
-2.025813050568103790e-02
2.676500007510185242e-03
5.909154657274484634e-03
4.796439781785011292e-03
2.208966948091983795e-02
-1.938012987375259399e-02
1.759070530533790588e-02
2.353034913539886475e-02
1.897053793072700500e-02
-3.158868849277496338e-02
1.840939186513423920e-02
-3.651514183729887009e-03
2.020912617444992065e-02
-1.214874070137739182e-02
9.998077526688575745e-03
5.558260716497898102e-03
5.876210983842611313e-03
-9.152377955615520477e-03
2.011919580399990082e-02
-3.077752515673637390e-02
5.086148157715797424e-03
-2.357930690050125122e-02
-1.228443626314401627e-02
2.024535462260246277e-02
-1.357647869735956192e-02
7.870994508266448975e-03
9.257633239030838013e-03
-1.247205212712287903e-02
2.381183020770549774e-02
-2.038818411529064178e-02
-8.313549682497978210e-03
-2.135927602648735046e-02
1.213820930570363998e-02
-2.443172596395015717e-02
6.062036380171775818e-03
2.734639868140220642e-02
-2.792043611407279968e-02
-2.442028746008872986e-02
-3.244099766016006470e-02
2.562016015872359276e-03
-2.869470603764057159e-02
3.144573885947465897e-03
-3.388688340783119202e-02
1.211632136255502701e-02
8.101633749902248383e-03
-1.802205108106136322e-02
-1.236428692936897278e-02
-8.806225843727588654e-03
-3.172867000102996826e-04
2.455995418131351471e-02
-2.140195854008197784e-02
1.229692623019218445e-02
1.635342463850975037e-02
-1.610277220606803894e-02
5.380481015890836716e-03
2.883186377584934235e-02
1.555112749338150024e-02
-2.333622798323631287e-02
-7.766731432639062405e-04
1.745998859405517578e-03
-1.231254171580076218e-02
9.261571802198886871e-03
-8.089873008430004120e-04
9.916203096508979797e-03
-1.940085925161838531e-02
-1.235032081604003906e-02
4.930683970451354980e-02
-6.087443791329860687e-03
1.198663376271724701e-02
3.852861747145652771e-02
2.461852692067623138e-02
1.240357873030006886e-03
2.406403049826622009e-02
2.686616033315658569e-02
-3.090917691588401794e-02
-7.348560262471437454e-03
-4.328010603785514832e-02
-2.035628445446491241e-02
1.933348923921585083e-02
6.206009536981582642e-03
4.455524031072854996e-03
-3.145943861454725266e-03
4.448219668120145798e-03
-1.379067357629537582e-02
-1.568984612822532654e-02
2.784220874309539795e-02
8.225335739552974701e-03
-1.635373011231422424e-02
-3.011532500386238098e-02
-2.016614563763141632e-02
-2.552944980561733246e-02
1.504098065197467804e-02
1.387815270572900772e-02
-1.473271567374467850e-02
-2.900303341448307037e-02
-2.066540531814098358e-02
-4.126423504203557968e-03
-2.516598254442214966e-02
-2.416748180985450745e-02
-1.823047362267971039e-02
-1.852419227361679077e-02
-3.042378835380077362e-02
-3.036493062973022461e-02
2.886511199176311493e-02
-1.524935197085142136e-02
1.575656235218048096e-02
-4.214197862893342972e-03
-7.273385766893625259e-03
-9.495655103819444776e-05
-2.116288989782333374e-02
1.687381044030189514e-02
2.947236783802509308e-02
-1.232092361897230148e-02
1.239402871578931808e-02
-3.698507323861122131e-03
-3.143246285617351532e-03
4.117039497941732407e-03
1.063948217779397964e-02
-2.968508005142211914e-02
2.345196902751922607e-02
-7.092117331922054291e-03
-3.290485590696334839e-02
1.857736962847411633e-03
9.319382719695568085e-03
9.040622040629386902e-03
-1.605255343019962311e-02
3.142774850130081177e-02
8.922286331653594971e-03
-6.383629888296127319e-02
1.860014721751213074e-02
1.195487473160028458e-02
-3.358626365661621094e-02
1.262941490858793259e-02
2.768536796793341637e-03
3.177891299128532410e-02
-3.294844180345535278e-02
-2.591338194906711578e-02
1.952009089291095734e-02
2.729925699532032013e-02
-2.255456894636154175e-02
-1.466841530054807663e-02
-1.348815951496362686e-02
-2.568512037396430969e-02
1.822840794920921326e-02
-3.264156356453895569e-02
-9.999883361160755157e-03
-2.691967599093914032e-02
-2.447204291820526123e-02
2.269659750163555145e-02
-1.757501810789108276e-02
1.973608508706092834e-02
-4.022009670734405518e-03
-3.270248696208000183e-02
-1.205324754118919373e-02
-1.580087468028068542e-02
2.176514361053705215e-03
-2.090154774487018585e-02
-2.339699491858482361e-02
7.439232431352138519e-03
-2.462939545512199402e-02
2.606943994760513306e-02
-1.638522744178771973e-02
1.790355890989303589e-03
-2.231059037148952484e-02
1.513458881527185440e-02
-1.025714096613228321e-03
6.238498259335756302e-03
-3.000884130597114563e-02
-2.323332801461219788e-02
5.885866936296224594e-03
4.005350172519683838e-02
-1.638407446444034576e-02
-2.972629852592945099e-02
3.161247819662094116e-03
-1.714541343972086906e-03
2.948982827365398407e-02
-2.349448390305042267e-02
-7.931957021355628967e-03
-1.012640818953514099e-02
-2.294646110385656357e-03
-1.705925678834319115e-03
2.459892071783542633e-02
1.843799464404582977e-02
-3.472279757261276245e-03
-2.571322396397590637e-02
-1.266741752624511719e-02
2.190155722200870514e-02
1.195698883384466171e-02
-7.608171086758375168e-03
-1.965690031647682190e-02
2.551972679793834686e-02
-1.501688174903392792e-02
-7.576284464448690414e-03
2.680543065071105957e-02
1.955348066985607147e-02
1.956304721534252167e-02
3.189625963568687439e-02
-3.723142435774207115e-04
-2.544813230633735657e-02
-1.261127274483442307e-02
4.567944444715976715e-03
-3.186533227562904358e-02
4.235835745930671692e-03
-4.636499099433422089e-03
-2.646241337060928345e-02
-1.170143764466047287e-02
-1.708297990262508392e-02
2.589060738682746887e-02
-1.025627367198467255e-02
-1.566770020872354507e-03
2.206151187419891357e-02
-2.403252199292182922e-02
-1.348387543112039566e-02
1.275378931313753128e-02
1.502627134323120117e-02
2.048661559820175171e-02
2.340328646823763847e-03
5.217191763222217560e-03
2.921315142884850502e-03
-9.062097407877445221e-03
-5.211083916947245598e-04
2.180120442062616348e-03
-8.041949011385440826e-03
2.667873539030551910e-02
1.985018327832221985e-02
-6.172251887619495392e-03
-2.822550944983959198e-02
-1.054814923554658890e-02
4.528911318629980087e-03
1.296387799084186554e-02
-2.882855944335460663e-02
6.543423980474472046e-03
2.452741749584674835e-02
1.600294560194015503e-02
5.586310289800167084e-03
-3.465295583009719849e-02
1.195323746651411057e-02
-1.700799167156219482e-02
-2.093842066824436188e-02
4.935424774885177612e-03
-1.067788060754537582e-02
9.117592126131057739e-03
2.737985365092754364e-02
2.217554673552513123e-02
3.114156797528266907e-02
-1.420345529913902283e-02
1.112841069698333740e-02
9.728323668241500854e-03
2.335188910365104675e-02
-1.640979759395122528e-02
-9.829769842326641083e-03
2.650438062846660614e-02
2.650738134980201721e-02
2.867781929671764374e-02
-3.212080150842666626e-02
1.764905452728271484e-02
2.291746437549591064e-02
9.399980306625366211e-03
1.533486135303974152e-02
3.120816545560956001e-03
-1.050478033721446991e-02
-1.064442284405231476e-02
-2.780406363308429718e-02
-2.153415605425834656e-02
8.037894964218139648e-03
2.853630296885967255e-02
5.512502975761890411e-03
-1.396137196570634842e-02
-2.226369269192218781e-02
1.278021559119224548e-02
2.804721891880035400e-02
1.380338333547115326e-03
2.419230714440345764e-02
6.316530983895063400e-03
2.816195599734783173e-02
-3.012718260288238525e-02
2.386008761823177338e-02
-1.766146393492817879e-03
-3.007671236991882324e-02
-1.754117198288440704e-02
-1.266912836581468582e-02
2.898882329463958740e-02
-9.084137156605720520e-03
3.646924719214439392e-02
-2.508286386728286743e-02
2.001544274389743805e-02
3.167912364006042480e-02
1.677126996219158173e-02
1.997727900743484497e-02
8.496481459587812424e-04
2.923888340592384338e-02
2.455629035830497742e-02
-2.584734745323657990e-02
-1.277042180299758911e-02
-4.344638437032699585e-03
-2.763014286756515503e-02
2.034573256969451904e-02
1.006991602480411530e-02
1.138597074896097183e-02
1.771479845046997070e-02
8.016871288418769836e-03
1.997440308332443237e-02
2.480364963412284851e-02
1.452981214970350266e-02
2.152196504175662994e-02
1.550843194127082825e-02
-2.153644524514675140e-02
-9.478759602643549442e-05
3.165366128087043762e-02
1.701147854328155518e-02
1.848001033067703247e-02
-1.928071863949298859e-02
-1.507392898201942444e-02
4.197336267679929733e-03
-2.603667974472045898e-02
1.621883735060691833e-02
-1.450690906494855881e-02
9.130298858508467674e-04
2.545544877648353577e-02
-2.039044722914695740e-02
5.987433833070099354e-04
1.284811180084943771e-02
-7.484952919185161591e-03
-2.594301663339138031e-02
-2.052709273993968964e-02
1.671661809086799622e-02
-1.056436449289321899e-02
-1.253502257168292999e-02
-1.764770224690437317e-02
-2.962687239050865173e-02
1.303435396403074265e-02
6.206312100403010845e-04
-2.093609422445297241e-02
1.652127690613269806e-02
-2.549265278503298759e-03
-3.378779068589210510e-02
-2.610963210463523865e-02
-5.336183588951826096e-03
-1.701992377638816833e-02
-1.964157260954380035e-02
-1.553467009216547012e-02
6.170045235194265842e-04
-1.180485915392637253e-02
1.105963438749313354e-02
-3.030180698260664940e-03
-1.614766009151935577e-02
2.793202735483646393e-02
-3.168362006545066833e-02
9.839000180363655090e-03
-4.012336430605500937e-04
9.686361998319625854e-03
-2.130267210304737091e-02
1.060422416776418686e-02
-2.024902217090129852e-02
1.952267438173294067e-02
1.375554595142602921e-02
2.576136961579322815e-02
3.775564581155776978e-02
1.253237947821617126e-02
-1.347033889032900333e-03
1.674308441579341888e-02
-3.577925264835357666e-02
-2.284491062164306641e-02
-1.358842663466930389e-02
3.993077948689460754e-02
-1.340628252364695072e-03
-9.867591783404350281e-03
3.363003721460700035e-03
6.294157821685075760e-03
3.659206209704279900e-03
-2.541718259453773499e-02
-1.402929797768592834e-02
-7.668678299523890018e-04
1.920109428465366364e-02
-1.735885813832283020e-02
3.221098333597183228e-02
-3.473083674907684326e-02
1.880846172571182251e-02
-2.136224694550037384e-02
5.693672690540552139e-03
1.590889296494424343e-03
-1.786322332918643951e-02
-2.371338382363319397e-02
7.458018139004707336e-03
6.741684395819902420e-03
7.868098095059394836e-03
1.909775100648403168e-02
-2.749305404722690582e-02
-1.677461527287960052e-02
5.291651468724012375e-03
-1.256499812006950378e-02
-2.852586330845952034e-03
-2.232327498495578766e-02
1.673060096800327301e-02
-1.682236231863498688e-02
-1.926746964454650879e-02
-1.350835524499416351e-02
-2.374689094722270966e-02
-1.296559441834688187e-02
-1.510472223162651062e-02
-1.123460009694099426e-02
4.601926077157258987e-03
-2.240956015884876251e-02
-2.318196929991245270e-02
-2.241391688585281372e-02
8.505620062351226807e-03
-1.941844937391579151e-03
-6.482393015176057816e-03
3.310963278636336327e-03
-2.719757892191410065e-02
-1.690278574824333191e-02
3.137768479064106941e-03
9.531149640679359436e-03
1.684158481657505035e-02
1.517296768724918365e-02
1.336842402815818787e-02
-1.850859448313713074e-02
2.377030253410339355e-02
2.032498642802238464e-02
-2.741771750152111053e-02
1.812954992055892944e-02
-1.814638078212738037e-02
-1.837279088795185089e-02
1.234012097120285034e-02
3.091657720506191254e-02
1.628255844116210938e-02
-3.053415566682815552e-02
-1.664968021214008331e-02
1.210785564035177231e-02
2.757237665355205536e-02
1.091478299349546432e-02
-1.012172549962997437e-02
-3.086183778941631317e-02
-7.471248973160982132e-03
2.866380847990512848e-02
-2.684802748262882233e-03
-7.832187227904796600e-03
2.551257377490401268e-03
2.493289485573768616e-02
1.012269686907529831e-02
3.072865307331085205e-02
2.250677719712257385e-02
-1.122076250612735748e-02
-7.602766156196594238e-03
-1.549669192172586918e-03
-2.169620618224143982e-02
-1.324499305337667465e-02
1.431639771908521652e-02
3.206221014261245728e-02
2.912029437720775604e-02
1.629789173603057861e-02
-3.758735489100217819e-03
3.120645694434642792e-02
-2.925041189882904291e-04
-1.191906910389661789e-02
2.798775909468531609e-03
-3.940210212022066116e-03
1.218632422387599945e-02
-1.901343837380409241e-02
1.414344646036624908e-02
-2.627827227115631104e-02
-1.017412357032299042e-02
2.389360964298248291e-02
1.680646277964115143e-02
2.250529127195477486e-03
1.564547233283519745e-02
1.247662212699651718e-02
1.833040080964565277e-02
-4.544828087091445923e-03
-1.254344359040260315e-02
2.538895606994628906e-02
3.098997473716735840e-02
4.071442876011133194e-03
2.130597271025180817e-02
9.130808175541460514e-04
-4.371974989771842957e-02
-1.819738745689392090e-02
7.411051541566848755e-03
-1.283351238816976547e-02
-5.453185294754803181e-04
-1.703416556119918823e-02
1.624781265854835510e-02
2.828179672360420227e-02
-3.013181313872337341e-02
2.703312784433364868e-02
5.228369031101465225e-03
1.679827459156513214e-02
-8.206225000321865082e-03
-1.763952150940895081e-02
3.002251265570521355e-03
-4.150864842813462019e-04
-8.651706390082836151e-03
-3.325696289539337158e-02
2.093175984919071198e-02
2.052490599453449249e-02
-4.429268650710582733e-03
3.925211727619171143e-02
-2.379633770033251494e-05
3.427827963605523109e-03
3.513438627123832703e-02
-2.993518486618995667e-02
-2.989372611045837402e-02
1.677092723548412323e-02
3.109948243945837021e-03
-2.075876109302043915e-03
6.463505793362855911e-03
-6.111500784754753113e-03
8.379067294299602509e-03
1.242369506508111954e-02
3.012209758162498474e-02
2.023221738636493683e-02
5.950609222054481506e-03
4.824759904295206070e-03
2.512066625058650970e-02
1.622084155678749084e-02
2.945126034319400787e-02
-1.383788697421550751e-02
1.245621405541896820e-02
1.804298255592584610e-03
-3.045222349464893341e-02
-2.020959928631782532e-02
1.266349945217370987e-02
1.409897580742835999e-02
3.140312805771827698e-02
-3.053745254874229431e-02
1.847013458609580994e-02
-2.782210707664489746e-02
-2.900093793869018555e-03
-2.627865225076675415e-02
-1.842392981052398682e-02
4.194906447082757950e-03
-2.663127705454826355e-02
-2.963503589853644371e-03
-2.064582193270325661e-03
1.549631729722023010e-02
-2.154310606420040131e-02
-2.525056339800357819e-02
1.304616499692201614e-02
-1.404085662215948105e-02
-1.268637645989656448e-02
3.814235329627990723e-03
1.197982765734195709e-02
-1.782734319567680359e-02
7.530950475484132767e-03
5.338511429727077484e-03
1.211563590914011002e-02
7.053724839352071285e-04
1.876117847859859467e-02
2.603133674710988998e-03
1.550368499010801315e-02
2.576681599020957947e-02
-5.847419612109661102e-03
2.105442434549331665e-02
2.288892120122909546e-02
-8.736998424865305424e-04
-4.007728770375251770e-02
-2.683852240443229675e-02
-3.272825479507446289e-02
3.274471312761306763e-02
4.173915833234786987e-03
1.043901720549911261e-04
-2.655790932476520538e-02
1.410779729485511780e-02
2.793462015688419342e-02
-8.681666804477572441e-04
2.494568750262260437e-02
-3.482579812407493591e-02
-2.103501558303833008e-02
-8.149635978043079376e-03
6.383519154042005539e-03
2.941069006919860840e-02
1.508273463696241379e-02
-1.078414544463157654e-02
-1.337763201445341110e-02
-1.772449724376201630e-02
4.001411143690347672e-03
-3.787719458341598511e-02
2.467824146151542664e-02
-1.512738689780235291e-02
2.810285240411758423e-02
1.534271519631147385e-03
-1.420091558247804642e-02
-1.960351504385471344e-02
1.151117309927940369e-02
-6.076321005821228027e-03
-1.486821332946419716e-03
1.996085606515407562e-02
-2.659394405782222748e-02
-3.084930591285228729e-02
1.034516468644142151e-02
2.338284440338611603e-02
3.305569663643836975e-02
-6.611565593630075455e-03
4.703958053141832352e-03
1.116432715207338333e-02
-1.764648593962192535e-02
-5.649698432534933090e-03
-2.099192328751087189e-02
2.183254435658454895e-02
-2.779089845716953278e-02
-1.952084526419639587e-02
3.527407720685005188e-02
3.744575660675764084e-03
-2.897220477461814880e-02
-2.415474317967891693e-02
-9.723133407533168793e-03
6.250453181564807892e-03
9.317950345575809479e-03
-7.368186954408884048e-03
2.135099470615386963e-02
-8.926831185817718506e-03
-8.435995317995548248e-03
-8.375126868486404419e-03
1.896865479648113251e-02
3.000513650476932526e-02
3.114428929984569550e-02
-2.078712545335292816e-02
8.744659833610057831e-03
-7.949530147016048431e-03
2.848230861127376556e-02
