2.352473558858036995e-03
1.045250892639160156e-02
8.675225079059600830e-03
3.699940443038940430e-02
-6.464802473783493042e-02
4.005158692598342896e-02
5.848255474120378494e-03
-5.203094799071550369e-03
-1.981612481176853180e-02
7.843235135078430176e-02
1.455484610050916672e-02
-1.753283292055130005e-01
-1.141091108322143555e+00
1.908133924007415771e-02
-1.009991485625505447e-02
-3.849342465400695801e-01
7.823666185140609741e-02
1.750417798757553101e-01
-6.804142892360687256e-02
4.812388867139816284e-02
-4.116502776741981506e-02
5.325442180037498474e-02
2.268288843333721161e-02
-6.593062728643417358e-02
1.964700408279895782e-02
4.032664373517036438e-02
2.440851740539073944e-02
-4.849796649068593979e-03
1.454318262403830886e-04
4.019422233104705811e-01
5.540210753679275513e-02
1.920926943421363831e-02
-4.899524524807929993e-02
6.841278672218322754e-01
8.717489428818225861e-03
2.485311776399612427e-02
4.992708563804626465e-02
-4.903566837310791016e-02
2.479073964059352875e-02
-1.179973501712083817e-02
-1.070434927940368652e+00
-1.844898462295532227e+00
4.634740650653839111e-01
1.102852746844291687e-01
1.191758811473846436e-01
9.182716906070709229e-02
1.789106875658035278e-01
-4.106213524937629700e-02
4.002320021390914917e-02
1.187792122364044189e-01
-1.312542438507080078e+00
-1.234757900238037109e+00
5.917268339544534683e-03
9.363497048616409302e-02
-4.539724439382553101e-02
1.179560050368309021e-01
-1.284647345542907715e+00
7.287809997797012329e-02
1.113997101783752441e-01
-1.981739420443773270e-03
9.279474020004272461e-01
1.073851227760314941e+00
3.547482192516326904e-02
1.497892886400222778e-01
-6.339892745018005371e-02
1.939364522695541382e-02
-1.773097366094589233e-02
-3.912392258644104004e-01
-1.210595965385437012e+00
3.860600292682647705e-02
5.121961701661348343e-03
-2.462423173710703850e-03
4.131922964006662369e-03
3.112816810607910156e-02
7.042206823825836182e-02
-4.978484660387039185e-02
-5.780513398349285126e-03
6.355263292789459229e-02
1.519628167152404785e-01
3.826639801263809204e-02
4.153297245502471924e-01
3.099930286407470703e-02
-2.758924290537834167e-02
1.919271051883697510e-02
1.004473399370908737e-02
-1.068277051672339439e-03
-9.913097321987152100e-02
1.671404950320720673e-02
3.164278343319892883e-02
-5.724796559661626816e-03
5.664239078760147095e-02
1.093658357858657837e-01
9.665455669164657593e-02
5.841993261128664017e-03
3.778962185606360435e-03
1.694291457533836365e-02
-4.843377321958541870e-02
-2.488058954477310181e-01
9.775288403034210205e-03
1.387684699147939682e-02
