2.672372199594974518e-02
-2.057652920484542847e-02
2.748211659491062164e-02
1.320660579949617386e-03
-3.684444585815072060e-03
-5.701971706002950668e-03
4.676182288676500320e-03
3.085218183696269989e-02
2.376446966081857681e-03
9.364983416162431240e-04
-1.790004665963351727e-03
4.177338629961013794e-02
5.562388151884078979e-02
1.886841654777526855e-02
2.120613493025302887e-02
-2.920612692832946777e-03
-1.469690166413784027e-02
2.142804116010665894e-02
-5.689562298357486725e-03
-7.263394538313150406e-03
1.643505319952964783e-02
1.171153970062732697e-02
-3.630070388317108154e-02
2.750867418944835663e-02
-5.479136947542428970e-03
-1.022077351808547974e-02
-1.517382636666297913e-02
-5.067856516689062119e-03
2.075768634676933289e-02
-1.958878524601459503e-02
4.706052318215370178e-02
7.480593863874673843e-03
-8.051584474742412567e-03
-3.665733337402343750e-02
-1.184112988994456828e-04
4.293819423764944077e-03
-3.200398758053779602e-02
-6.697615142911672592e-03
1.142334286123514175e-02
-4.947620257735252380e-02
4.698675125837326050e-02
-3.020526282489299774e-02
8.508621715009212494e-03
2.768547274172306061e-02
7.277340162545442581e-03
5.929563194513320923e-02
2.163786673918366432e-03
-8.349053561687469482e-03
-2.809602022171020508e-02
7.909189909696578979e-03
2.060938626527786255e-02
2.253192849457263947e-02
2.373760798946022987e-04
1.406984031200408936e-02
-5.711385980248451233e-03
2.410632325336337090e-03
1.298692543059587479e-02
-5.841981619596481323e-03
-2.526686526834964752e-02
-4.569048434495925903e-02
1.038580015301704407e-02
1.856493391096591949e-02
2.732525952160358429e-02
3.714506328105926514e-02
3.483051434159278870e-02
1.588365621864795685e-02
-2.677761018276214600e-02
-1.796428114175796509e-03
-2.311898022890090942e-02
3.662450239062309265e-02
3.453208133578300476e-02
2.806343138217926025e-02
3.660196438431739807e-02
-1.023949962109327316e-02
-2.011237293481826782e-02
1.958524063229560852e-02
1.414472144097089767e-02
1.426203362643718719e-02
2.631492726504802704e-02
-3.196673840284347534e-02
-2.037645690143108368e-02
2.062396891415119171e-02
4.588695243000984192e-03
3.313221409916877747e-02
2.631658315658569336e-02
-3.333852067589759827e-02
1.630028150975704193e-02
-1.843507029116153717e-02
1.040238328278064728e-02
-1.145611703395843506e-02
2.336600236594676971e-02
-3.241399675607681274e-02
6.540093105286359787e-03
-9.732386097311973572e-03
-1.987913250923156738e-02
3.661307692527770996e-02
2.562383748590946198e-02
7.049162406474351883e-03
2.250680141150951385e-02
2.399494126439094543e-02
1.682540029287338257e-02
4.040396772325038910e-03
2.048300951719284058e-02
-1.378460321575403214e-03
2.247206680476665497e-02
1.691456511616706848e-02
-2.532063424587249756e-02
9.242353960871696472e-03
2.821287140250205994e-02
-6.869428325444459915e-03
3.735206648707389832e-02
-7.020399440079927444e-03
2.081520110368728638e-02
1.816423796117305756e-02
-1.046533230692148209e-02
-2.134400606155395508e-02
2.462545223534107208e-02
4.498056694865226746e-02
-6.128810811787843704e-03
-9.191268123686313629e-03
2.276615984737873077e-02
2.391633205115795135e-02
2.117758430540561676e-02
-3.301134705543518066e-02
2.128899656236171722e-02
-3.172411397099494934e-02
1.758497022092342377e-02
-3.220125101506710052e-03
-2.971926704049110413e-03
3.312788903713226318e-02
1.147852838039398193e-02
-6.514663808047771454e-03
1.824925281107425690e-02
2.775586955249309540e-02
2.428937703371047974e-02
-2.440123632550239563e-02
-7.438571192324161530e-03
3.684823960065841675e-02
1.701579429209232330e-02
-1.242422126233577728e-02
1.287021208554506302e-02
1.190572790801525116e-02
9.865461848676204681e-03
2.577894739806652069e-02
-2.311376854777336121e-02
-2.743632905185222626e-02
-2.574580535292625427e-02
-2.681952901184558868e-03
3.307311236858367920e-02
2.818541415035724640e-02
-2.908301353454589844e-02
-2.952257636934518814e-03
3.901882469654083252e-02
-2.783646993339061737e-02
-1.528316875919699669e-03
-6.683096755295991898e-03
-2.469627931714057922e-02
8.328264579176902771e-03
1.634692959487438202e-02
-1.537009235471487045e-02
1.238260883837938309e-02
2.347320877015590668e-02
-5.331223830580711365e-03
-2.285365574061870575e-02
-1.848619058728218079e-02
-1.016411650925874710e-02
-2.265984937548637390e-02
2.405415661633014679e-02
4.324143007397651672e-02
3.026748774573206902e-03
-6.406622473150491714e-03
4.198070615530014038e-02
4.024579375982284546e-02
4.626711085438728333e-02
1.176896691322326660e-02
1.124753896147012711e-02
-1.143736019730567932e-02
-2.600860223174095154e-02
4.625068232417106628e-02
2.101892419159412384e-02
4.143435135483741760e-02
-2.883377112448215485e-02
-3.601578995585441589e-03
3.708000481128692627e-02
4.200232774019241333e-02
4.534764960408210754e-02
1.231844350695610046e-02
3.376460168510675430e-03
-4.185061901807785034e-02
-4.234857333358377218e-04
9.238086640834808350e-03
8.568054996430873871e-03
1.440221443772315979e-02
-2.652158215641975403e-02
-3.254667669534683228e-02
1.360227703116834164e-03
1.334574725478887558e-02
1.914145424962043762e-02
1.640496775507926941e-02
1.898099295794963837e-02
-5.330288782715797424e-02
-2.447917126119136810e-02
1.742574013769626617e-02
-2.024974115192890167e-02
1.131752785295248032e-02
-7.714560721069574356e-03
4.688085988163948059e-02
-1.422950811684131622e-02
-2.226344309747219086e-02
3.919809125363826752e-03
1.397100836038589478e-02
-1.378445792943239212e-02
2.776145376265048981e-02
3.001340664923191071e-02
1.872035861015319824e-02
-2.417181245982646942e-02
-3.091978095471858978e-02
-2.328778430819511414e-02
-1.594157423824071884e-03
-5.544853047467768192e-04
6.989671383053064346e-03
-2.428990416228771210e-02
-6.721682846546173096e-03
2.951547876000404358e-02
4.748918116092681885e-02
1.981915719807147980e-02
-2.462323987856507301e-03
-1.361692324280738831e-02
4.778041038662195206e-03
-2.398769557476043701e-02
-2.085115015506744385e-02
-1.042159553617238998e-02
-2.821252867579460144e-02
2.877401001751422882e-02
-3.061737306416034698e-02
-1.641459763050079346e-02
1.087005157023668289e-02
2.184568718075752258e-02
-6.969538982957601547e-03
4.847975075244903564e-02
-1.207112683914601803e-03
-4.411334812175482512e-04
-1.397268008440732956e-02
3.020291775465011597e-02
3.635234013199806213e-02
-1.109527237713336945e-02
-2.027648873627185822e-02
-2.810930274426937103e-02
1.939821243286132812e-02
-1.156622264534235001e-02
2.088363049551844597e-03
1.637566834688186646e-02
3.109584748744964600e-02
4.095018655061721802e-02
3.186276927590370178e-02
2.723838016390800476e-02
2.086027525365352631e-02
1.186489243991672993e-03
2.029203437268733978e-02
4.211574792861938477e-03
-2.918400242924690247e-02
2.874670177698135376e-02
2.463925443589687347e-02
7.918684859760105610e-04
3.635426983237266541e-02
1.381704350933432579e-03
-1.451150979846715927e-02
-8.841997012495994568e-03
1.778255961835384369e-02
6.602807436138391495e-03
-2.557429112493991852e-02
-1.157555729150772095e-02
4.192852415144443512e-03
7.369452156126499176e-03
-3.114339709281921387e-02
-2.395345084369182587e-02
2.676020376384258270e-02
-1.282597053796052933e-02
3.603505343198776245e-02
-1.499796868301928043e-03
-3.096823394298553467e-02
-9.624810772947967052e-04
-4.001809284090995789e-02
-2.824268490076065063e-02
-3.632799908518791199e-02
-8.437731303274631500e-03
-1.209471933543682098e-02
6.267187651246786118e-03
3.103132918477058411e-02
2.180002070963382721e-02
3.650284186005592346e-02
2.395486645400524139e-02
-1.353156007826328278e-02
1.576397381722927094e-02
5.145978927612304688e-02
6.843481957912445068e-02
2.221042849123477936e-02
-1.080236863344907761e-02
2.885326556861400604e-02
2.864747494459152222e-02
2.131105586886405945e-02
-2.657630667090415955e-02
8.468022570013999939e-03
-6.364513188600540161e-03
7.653869222849607468e-03
1.750907488167285919e-02
-2.795663289725780487e-02
8.980190381407737732e-03
1.162284053862094879e-02
-1.501385355368256569e-03
-1.025320962071418762e-02
-3.316539898514747620e-02
4.341912269592285156e-02
-2.276054816320538521e-03
1.395932212471961975e-02
1.636693626642227173e-02
3.557377681136131287e-02
-8.424536325037479401e-03
1.491118781268596649e-02
-3.221163153648376465e-02
6.145160645246505737e-03
1.347228791564702988e-02
-2.501545473933219910e-02
7.455523125827312469e-03
-6.736658047884702682e-03
-4.707359150052070618e-02
1.701098680496215820e-02
-1.096039358526468277e-02
1.229322608560323715e-02
-8.884580805897712708e-03
-1.291189342737197876e-02
9.147025644779205322e-03
2.092514559626579285e-02
5.653365049511194229e-03
4.937838390469551086e-02
-2.756816148757934570e-02
4.233630001544952393e-02
1.064513064920902252e-02
-3.906081838067620993e-04
-5.235207267105579376e-03
-2.001973986625671387e-02
-2.061076276004314423e-02
-4.928559064865112305e-03
-3.527515754103660583e-02
1.326447818428277969e-02
-2.539561875164508820e-02
6.115165725350379944e-02
-1.007024478167295456e-02
-7.613212335854768753e-03
-8.091969415545463562e-03
-2.869401872158050537e-02
-8.051524870097637177e-03
1.874484308063983917e-02
-2.131514810025691986e-02
-3.125802800059318542e-02
4.170939326286315918e-02
-2.437438443303108215e-02
1.272424776107072830e-02
1.218020729720592499e-02
6.830928847193717957e-03
-2.609310857951641083e-02
3.198993206024169922e-02
3.251000866293907166e-02
-1.962053403258323669e-02
2.937936224043369293e-02
-2.537476643919944763e-02
-9.835691191256046295e-03
1.396567188203334808e-02
-3.063755296170711517e-02
-6.846406497061252594e-03
1.120502594858407974e-02
4.417637735605239868e-02
-1.799208484590053558e-02
-1.149118505418300629e-02
-1.794875226914882660e-02
4.530183970928192139e-02
-3.103378228843212128e-02
-3.363639349117875099e-03
-2.997561357915401459e-02
1.425459142774343491e-02
-2.059620246291160583e-02
7.463813526555895805e-04
1.991699682548642159e-03
-1.945015415549278259e-02
1.380937825888395309e-02
-2.976809628307819366e-02
-1.120824925601482391e-02
-1.029726676642894745e-02
-1.648044772446155548e-02
-1.546932943165302277e-02
-3.668771591037511826e-03
3.428074344992637634e-02
-2.393989451229572296e-02
-2.268645912408828735e-03
-2.634290792047977448e-02
-2.174670435488224030e-02
9.533178992569446564e-03
-1.073436439037322998e-02
-1.934742555022239685e-02
-2.337749488651752472e-02
3.558126091957092285e-02
2.256568521261215210e-02
5.419703572988510132e-02
1.948626362718641758e-03
-1.318831741809844971e-02
5.487323924899101257e-02
3.489747643470764160e-02
-2.120199985802173615e-02
2.965871803462505341e-02
5.855371244251728058e-03
1.291676890105009079e-02
6.253178231418132782e-03
1.128693763166666031e-02
4.384908080101013184e-02
-1.921415887773036957e-02
4.980293568223714828e-03
-1.494684908539056778e-02
3.703210502862930298e-02
7.966170087456703186e-03
-9.254976175725460052e-03
4.353205487132072449e-02
-3.897242620587348938e-02
-7.365964818745851517e-03
-2.146901562809944153e-02
-2.152356784790754318e-03
1.174053922295570374e-02
-3.868333250284194946e-02
3.075476549565792084e-02
2.778901532292366028e-02
8.315045386552810669e-03
2.469209954142570496e-02
-1.452961191534996033e-02
7.661120966076850891e-03
-1.756423898041248322e-02
1.108282431960105896e-02
-2.374479733407497406e-02
3.570326045155525208e-02
1.182003878057003021e-03
-1.773466542363166809e-02
-3.042780049145221710e-02
-2.864359132945537567e-02
-2.086840569972991943e-02
-2.111962065100669861e-02
-4.559699445962905884e-03
3.782800585031509399e-02
2.052995935082435608e-02
-8.626354858279228210e-03
-2.236171625554561615e-02
7.494972087442874908e-03
3.517436981201171875e-02
4.555720835924148560e-02
-1.997581310570240021e-02
1.245027128607034683e-02
-1.870752498507499695e-02
-2.689158543944358826e-02
-1.005453243851661682e-02
6.927192211151123047e-03
1.521776802837848663e-02
2.705529332160949707e-02
-1.412730291485786438e-02
4.794166237115859985e-02
-1.960256882011890411e-02
1.764833740890026093e-02
-2.309591136872768402e-02
-8.812136016786098480e-03
-2.982674725353717804e-02
-1.211241632699966431e-02
-2.707394771277904510e-02
-3.934546187520027161e-02
2.783313579857349396e-02
-3.693655505776405334e-02
8.224280551075935364e-03
-6.586921401321887970e-03
3.308169543743133545e-02
-1.691942289471626282e-02
-2.212642505764961243e-02
-1.178992167115211487e-02
-9.047230705618858337e-03
1.456070132553577423e-02
-1.201282348483800888e-02
4.410522058606147766e-02
4.736681655049324036e-02
1.805491046980023384e-03
2.150390483438968658e-02
1.632683910429477692e-02
4.570877924561500549e-02
6.103996559977531433e-02
1.236232463270425797e-02
8.758564479649066925e-03
-2.559958957135677338e-02
-2.346691489219665527e-02
6.999929435551166534e-03
-1.697072200477123260e-02
9.796852245926856995e-03
3.174358280375599861e-03
-3.670052438974380493e-02
2.006522938609123230e-02
-1.290753856301307678e-02
-1.234096474945545197e-02
2.592111565172672272e-02
4.277254920452833176e-03
3.425509668886661530e-03
4.385703057050704956e-02
-2.978732623159885406e-02
-2.075139246881008148e-02
4.025923833250999451e-02
2.917695976793766022e-02
-1.786650903522968292e-02
-3.248205780982971191e-02
1.333656255155801773e-02
1.478335447609424591e-02
2.700374834239482880e-02
-3.257425874471664429e-02
3.394831344485282898e-02
-1.608765870332717896e-02
1.289984211325645447e-02
-1.811658265069127083e-03
5.605287384241819382e-03
1.152462419122457504e-02
-1.249464135617017746e-02
-3.311559325084090233e-03
-7.230646442621946335e-03
-2.206775359809398651e-02
-2.951811440289020538e-02
-8.214415051043033600e-03
4.259028285741806030e-02
-6.501175463199615479e-03
-4.498548060655593872e-02
-2.393491752445697784e-02
1.151444762945175171e-02
-2.044038288295269012e-02
3.267489001154899597e-02
8.075261488556861877e-03
1.019845809787511826e-02
1.694572158157825470e-02
-1.243685651570558548e-02
3.107445314526557922e-02
1.968542672693729401e-02
-2.334818802773952484e-02
3.378764167428016663e-02
3.807291761040687561e-02
1.884658634662628174e-02
2.962559834122657776e-02
4.167983308434486389e-03
7.451014127582311630e-03
4.714632034301757812e-02
8.294921281049028039e-05
4.601410403847694397e-02
-6.706541404128074646e-03
4.233375657349824905e-03
-5.176742374897003174e-02
-3.718803450465202332e-02
1.892719976603984833e-02
2.874158695340156555e-02
3.278725594282150269e-02
2.740236185491085052e-02
-9.250815026462078094e-03
1.617451757192611694e-02
-1.958773704245686531e-03
9.988456033170223236e-03
-1.943630911409854889e-02
2.114212885499000549e-02
-3.243845701217651367e-02
4.251178819686174393e-03
1.223911251872777939e-02
2.244023419916629791e-02
-3.035178594291210175e-02
-4.964359686709940434e-04
2.406152710318565369e-02
5.595432594418525696e-02
2.503187395632266998e-02
1.595024578273296356e-02
-3.205228596925735474e-02
-1.733486726880073547e-02
1.130787841975688934e-02
-1.209693029522895813e-02
-2.085266821086406708e-02
4.677695408463478088e-02
-1.268146000802516937e-02
8.885571733117103577e-03
-4.128818213939666748e-02
-2.795823477208614349e-02
8.120490238070487976e-03
-1.715869084000587463e-02
2.741457149386405945e-02
-6.820565555244684219e-03
3.277782350778579712e-02
5.424409639090299606e-03
-2.987008169293403625e-02
3.021852858364582062e-02
-1.493695657700300217e-03
1.109581720083951950e-02
1.084859203547239304e-02
-1.687143370509147644e-02
-2.632142743095755577e-03
3.719049692153930664e-02
9.879299439489841461e-03
3.708889707922935486e-02
1.426725462079048157e-02
2.974449284374713898e-02
2.045507356524467468e-02
2.634707093238830566e-02
-2.301504835486412048e-02
-9.276532568037509918e-03
1.552078686654567719e-02
1.610684953629970551e-02
1.811247877776622772e-02
2.564526163041591644e-02
-1.929060555994510651e-02
-9.355193935334682465e-03
2.058270387351512909e-02
2.761076949536800385e-02
-1.547093130648136139e-02
3.435369580984115601e-02
1.234790310263633728e-02
-1.509332656860351562e-02
-3.989248350262641907e-02
1.633453182876110077e-02
-1.962109282612800598e-02
-3.626170381903648376e-02
1.160560734570026398e-02
-4.661326482892036438e-02
-4.000817984342575073e-02
1.517469901591539383e-02
3.065545111894607544e-03
-1.296523958444595337e-03
-2.416571602225303650e-02
-2.184055745601654053e-02
2.604180201888084412e-02
6.298186257481575012e-03
4.059761122334748507e-04
-3.100808337330818176e-02
1.874444074928760529e-02
-1.771254837512969971e-02
1.673297025263309479e-02
-3.089507110416889191e-02
-1.873786933720111847e-02
2.755907364189624786e-02
-1.160784624516963959e-02
-1.345821376889944077e-02
-3.298738971352577209e-02
-5.324920173734426498e-03
-1.337752304971218109e-02
-1.900685019791126251e-03
-1.483992207795381546e-02
1.366440299898386002e-02
-5.962701514363288879e-03
3.181786462664604187e-02
-1.013335306197404861e-03
-1.398979919031262398e-03
2.140878327190876007e-02
-8.963477797806262970e-03
-2.434239257127046585e-03
-5.010920576751232147e-03
2.447857335209846497e-02
2.624635025858879089e-02
1.685269922018051147e-02
3.325551748275756836e-02
-1.970397680997848511e-02
3.055198583751916885e-03
-1.306026987731456757e-02
3.254787623882293701e-02
-2.744955569505691528e-02
1.408809050917625427e-02
-7.636786252260208130e-02
-3.111418895423412323e-02
-5.495700985193252563e-03
-2.344943024218082428e-02
-2.583872526884078979e-02
2.118196152150630951e-02
1.688020117580890656e-02
-6.676624529063701630e-03
3.814223781228065491e-02
3.505155816674232483e-02
-4.983338527381420135e-03
3.181513771414756775e-02
-3.033442981541156769e-02
3.576050698757171631e-02
1.150808762758970261e-02
5.197505652904510498e-02
-1.321497652679681778e-02
2.124018967151641846e-02
-4.077423363924026489e-02
-2.945616841316223145e-02
-2.031908743083477020e-02
1.892259530723094940e-02
1.461737323552370071e-02
-9.125765413045883179e-03
-1.293104491196572781e-03
4.428976681083440781e-03
3.224744461476802826e-03
-2.441705204546451569e-02
-7.205098401755094528e-03
2.312966808676719666e-02
3.609727323055267334e-02
-1.050818897783756256e-02
4.128390550613403320e-02
4.942344874143600464e-02
3.347750008106231689e-02
-1.157257333397865295e-02
-3.721223399043083191e-02
-1.859807781875133514e-02
-1.529564033262431622e-03
2.020861580967903137e-02
8.598443120718002319e-03
2.303863689303398132e-02
-1.614873483777046204e-02
3.173416107892990112e-02
-9.889970533549785614e-04
1.206490769982337952e-02
6.858333945274353027e-03
1.201620325446128845e-02
-1.165851391851902008e-02
-1.564718969166278839e-02
2.118232194334268570e-03
-4.088021349161863327e-03
-2.471089921891689301e-02
-1.467314828187227249e-02
2.592149190604686737e-02
1.299153547734022141e-02
-2.996198087930679321e-02
8.032769896090030670e-03
3.059182874858379364e-02
1.307883358094841242e-04
2.130714617669582367e-02
1.914351992309093475e-02
7.840445265173912048e-03
1.255707442760467529e-02
3.743039676919579506e-03
1.423321943730115891e-02
2.596611343324184418e-02
6.095763761550188065e-03
-2.551738638430833817e-03
-8.233123458921909332e-03
2.898442186415195465e-02
-6.326870992779731750e-03
-1.036095898598432541e-02
1.777820661664009094e-02
4.216362535953521729e-02
2.438555657863616943e-02
2.312123775482177734e-02
-2.837829850614070892e-02
-1.916497200727462769e-02
-1.296806521713733673e-02
3.292371332645416260e-02
-1.158987917006015778e-02
2.122971415519714355e-02
3.615579754114151001e-02
1.446902938187122345e-02
-1.986727118492126465e-02
3.001661598682403564e-02
1.381264813244342804e-02
6.829154212027788162e-03
-1.593276485800743103e-02
2.511617355048656464e-02
1.695296354591846466e-02
-2.064291387796401978e-02
-1.138681825250387192e-02
4.708840511739253998e-03
3.765539824962615967e-02
6.623525638133287430e-03
2.253451012074947357e-02
-1.985546760261058807e-02
-5.774359218776226044e-03
3.055481798946857452e-02
-3.318995609879493713e-02
1.465227175503969193e-02
-1.846857927739620209e-02
3.596973791718482971e-02
1.023450773209333420e-02
-7.778157014399766922e-03
5.803066771477460861e-03
4.340744391083717346e-02
1.462111249566078186e-02
2.350109629333019257e-03
6.888755131512880325e-03
4.489091038703918457e-02
2.348608709871768951e-02
2.009858563542366028e-02
2.488956414163112640e-02
2.051640674471855164e-02
-1.417458243668079376e-02
2.722530858591198921e-03
-3.805142641067504883e-02
1.002365536987781525e-02
2.719260752201080322e-02
1.287494553253054619e-03
1.183236856013536453e-02
-2.247317135334014893e-02
2.144704014062881470e-02
3.429175540804862976e-02
-1.679076813161373138e-02
9.784052381291985512e-04
7.244621519930660725e-04
-2.306831628084182739e-02
-1.006192155182361603e-02
1.249077450484037399e-02
6.998737342655658722e-03
3.045323770493268967e-03
-2.555649541318416595e-02
-2.741305716335773468e-02
-5.712974816560745239e-03
-1.565580815076828003e-02
-3.302691504359245300e-02
-4.508309066295623779e-03
7.510684896260499954e-03
1.953619346022605896e-02
-2.137638255953788757e-02
3.227968513965606689e-02
3.008512314409017563e-03
-3.976701293140649796e-03
-2.574624493718147278e-02
-3.692632913589477539e-02
4.382500424981117249e-03
-4.616694990545511246e-03
-1.689470931887626648e-02
-4.223736468702554703e-03
-3.547906642779707909e-03
-1.315618585795164108e-02
1.227718964219093323e-02
-6.408460438251495361e-02
1.642388477921485901e-02
-1.706606335937976837e-02
2.512176893651485443e-02
2.205651439726352692e-02
-1.711041294038295746e-02
-2.807872183620929718e-02
4.703703895211219788e-02
-3.124790266156196594e-02
-2.192743122577667236e-02
2.044100314378738403e-02
-1.500171329826116562e-02
1.364101283252239227e-02
-8.472050540149211884e-03
8.441331796348094940e-03
-1.255520246922969818e-02
4.944003745913505554e-02
-6.261054426431655884e-02
4.304198082536458969e-03
-2.797238528728485107e-02
-2.998343296349048615e-02
-5.506020784378051758e-02
2.649370953440666199e-02
4.240025207400321960e-02
-4.073597863316535950e-02
2.747960761189460754e-02
-2.654983103275299072e-02
4.166381433606147766e-02
-2.654382213950157166e-02
3.695737104862928391e-03
-2.253269031643867493e-02
1.670844480395317078e-02
5.646508652716875076e-03
2.399743068963289261e-03
-2.683840319514274597e-02
-1.206281501799821854e-02
-1.478809979744255543e-03
-2.754247747361660004e-02
-1.294678915292024612e-02
-4.354073607828468084e-04
1.423150952905416489e-02
2.281819470226764679e-02
-3.154230536893010139e-03
6.931660696864128113e-03
1.071316190063953400e-02
-1.614287681877613068e-02
-1.997824758291244507e-02
3.484887629747390747e-02
-1.104025263339281082e-02
2.474719285964965820e-02
-3.680279105901718140e-02
2.876037731766700745e-02
1.707229577004909515e-02
-7.463759183883666992e-02
1.137353759258985519e-02
-1.325834263116121292e-02
-9.506962262094020844e-03
5.878061987459659576e-03
1.746010780334472656e-02
-2.081618271768093109e-02
-1.812020130455493927e-02
-1.350430864840745926e-02
2.696887776255607605e-02
-1.855777390301227570e-02
-1.514735165983438492e-02
-8.877925574779510498e-03
2.608088962733745575e-02
1.292647887021303177e-02
-5.635617300868034363e-02
-1.840228401124477386e-02
-1.868645101785659790e-02
-3.575528040528297424e-03
4.695380106568336487e-03
2.872789278626441956e-02
-3.945837728679180145e-03
-1.065648067742586136e-02
2.119654230773448944e-02
-2.356277592480182648e-02
-2.474194765090942383e-02
-2.272306010127067566e-02
3.252424299716949463e-02
4.588701575994491577e-02
3.383495658636093140e-02
-7.560129743069410324e-03
-5.978929344564676285e-03
-2.040469553321599960e-03
3.031297214329242706e-02
3.221987932920455933e-02
2.074272744357585907e-02
4.747625067830085754e-02
3.886943310499191284e-02
-7.724909577518701553e-03
-1.505851838737726212e-02
-2.895095385611057281e-02
7.777672260999679565e-03
-2.796782553195953369e-02
2.885589934885501862e-02
-6.797348707914352417e-02
1.963341049849987030e-02
6.050063762813806534e-03
-9.031938971020281315e-04
2.668549679219722748e-02
1.304027251899242401e-02
2.012446988373994827e-03
-2.094831579597666860e-04
3.183997422456741333e-02
3.422974422574043274e-02
5.072769522666931152e-02
-2.444489113986492157e-02
2.018105424940586090e-02
-7.361361291259527206e-03
3.056488372385501862e-02
-1.434132177382707596e-02
5.336772184818983078e-03
9.559976868331432343e-03
4.345205053687095642e-02
-1.186702307313680649e-02
2.479791827499866486e-02
-3.020541183650493622e-02
1.057102903723716736e-02
3.942159470170736313e-03
-2.152569964528083801e-02
-2.703212946653366089e-02
-1.031344011425971985e-02
1.897397823631763458e-02
3.559975698590278625e-02
7.341681048274040222e-03
-2.817698381841182709e-02
6.875892635434865952e-03
5.440345034003257751e-03
4.005046561360359192e-02
-9.338383562862873077e-03
1.317708659917116165e-02
-9.661821648478507996e-03
-2.812541462481021881e-02
-1.585702598094940186e-02
1.078244671225547791e-02
-7.038294337689876556e-03
2.250174991786479950e-02
-1.457831449806690216e-02
-2.433568984270095825e-02
-1.399496663361787796e-02
3.174457326531410217e-02
1.495010405778884888e-02
-1.465562148950994015e-03
1.907689310610294342e-02
2.079591155052185059e-02
2.052396349608898163e-02
1.968622393906116486e-02
-2.008963003754615784e-02
-6.605041213333606720e-03
5.445107072591781616e-02
2.939399704337120056e-02
3.543190285563468933e-02
-1.045548543334007263e-02
1.701995357871055603e-02
1.244247145950794220e-02
6.708083208650350571e-03
7.688737474381923676e-03
2.111195400357246399e-02
9.867688640952110291e-03
-1.372490543872117996e-03
-1.957235299050807953e-02
-2.740914374589920044e-02
-2.022020518779754639e-02
3.057675808668136597e-02
4.623282700777053833e-03
7.610062602907419205e-03
2.683405019342899323e-02
-6.015724502503871918e-03
2.093529328703880310e-02
2.443687058985233307e-02
-3.351298859342932701e-03
-1.324540190398693085e-02
1.973590254783630371e-02
-7.599963340908288956e-03
-1.898556947708129883e-02
1.700219698250293732e-02
3.286528587341308594e-02
3.427169844508171082e-02
-2.305091584275942296e-06
-3.709836676716804504e-02
1.766790263354778290e-02
-6.936587858945131302e-03
-1.890361495316028595e-02
3.514770185574889183e-03
-2.660022117197513580e-02
-1.745457574725151062e-02
1.174881961196660995e-02
3.135146200656890869e-02
-3.058271668851375580e-02
1.580821350216865540e-02
9.786570444703102112e-03
-1.563308387994766235e-02
-2.665827795863151550e-02
3.037025220692157745e-02
-2.240147627890110016e-02
-1.563281752169132233e-02
-1.302274223417043686e-02
3.088887408375740051e-02
4.540699347853660583e-02
6.218610215000808239e-04
-2.965006977319717407e-02
3.560138493776321411e-02
