-8.914127945899963379e-03 8.725688792765140533e-03 -1.602548174560070038e-03
-1.379258930683135986e-03 -2.365898835705593228e-04 1.327979727648198605e-03
-2.323340158909559250e-03 -5.049668252468109131e-03 3.246117150411009789e-03
-3.566592931747436523e-02 -3.620614996179938316e-03 3.947797045111656189e-02
1.178365480154752731e-02 5.233835428953170776e-03 -1.749186776578426361e-02
-6.391176022589206696e-03 -1.812759414315223694e-02 9.679572656750679016e-03
-3.972336184233427048e-03 -1.031666062772274017e-02 1.615958847105503082e-02
5.077544599771499634e-03 -5.537657416425645351e-04 1.047444529831409454e-03
2.297036116942763329e-03 -5.978881381452083588e-03 1.012261398136615753e-02
-1.216510310769081116e-02 8.431260939687490463e-04 1.453081704676151276e-02
-4.087651323061436415e-04 -2.197689609602093697e-03 7.395288441330194473e-03
5.020369961857795715e-02 5.070744082331657410e-03 -5.573615804314613342e-02
5.442476645112037659e-02 -1.030944958329200745e-01 4.915321990847587585e-02
-7.258688099682331085e-03 -2.722986415028572083e-02 1.963754743337631226e-02
1.172396168112754822e-02 -1.669902540743350983e-02 -7.496762089431285858e-03
-1.419239398092031479e-02 -6.795812398195266724e-03 2.068277634680271149e-02
5.069453036412596703e-04 -1.916761859320104122e-03 5.553310737013816833e-03
-1.031525060534477234e-02 4.142982140183448792e-02 -3.437936678528785706e-02
4.504486918449401855e-03 5.972625804133713245e-04 -2.659526886418461800e-03
-1.759533188305795193e-03 7.968049496412277222e-03 -4.315928556025028229e-03
-1.352719869464635849e-02 6.660486105829477310e-03 7.891586981713771820e-03
-5.724752787500619888e-03 -7.193024735897779465e-03 1.447347924113273621e-02
9.804537519812583923e-03 -1.341835595667362213e-04 -5.785985849797725677e-03
4.358739592134952545e-03 7.170808501541614532e-03 -1.380203850567340851e-02
1.182558201253414154e-02 4.867839626967906952e-03 -9.460376575589179993e-03
-5.054742097854614258e-03 3.792647505179047585e-03 2.883604960516095161e-03
-1.401858963072299957e-02 -2.932854695245623589e-03 5.276100244373083115e-03
-1.527971471659839153e-03 1.624518889002501965e-03 -2.028910210356116295e-03
-4.150714259594678879e-03 -3.308017272502183914e-03 1.259393803775310516e-02
-2.620840631425380707e-02 3.783386200666427612e-02 -1.215169858187437057e-02
-2.531802747398614883e-03 -9.175036102533340454e-04 8.162304759025573730e-03
-1.561293029226362705e-03 9.837241377681493759e-04 4.367306362837553024e-03
-2.652028575539588928e-02 1.630188897252082825e-02 2.306678099557757378e-03
-1.826198697090148926e-01 3.338619172573089600e-01 -1.510356962680816650e-01
-2.957869437523186207e-04 1.146582420915365219e-02 -1.117281499318778515e-03
-3.652932122349739075e-03 -5.210498347878456116e-03 4.588900133967399597e-03
-1.464037923142313957e-03 -1.402900088578462601e-03 3.306554164737462997e-03
2.223707502707839012e-03 -1.470808498561382294e-02 1.584763824939727783e-02
-3.170635551214218140e-03 5.181180313229560852e-03 3.214018186554312706e-03
3.955442924052476883e-03 5.600808653980493546e-03 2.771437633782625198e-03
1.243449561297893524e-02 -4.573100805282592773e-02 3.399421647191047668e-02
9.918257594108581543e-01 -6.658962965011596680e-01 -3.243698775768280029e-01
1.828597038984298706e-01 -1.732648164033889771e-01 -9.600548073649406433e-03
-1.068878080695867538e-02 1.106969360262155533e-02 9.481615852564573288e-04
-2.616235800087451935e-02 -3.323517739772796631e-03 2.954911813139915466e-02
1.068701501935720444e-03 -1.686911098659038544e-03 -6.488328333944082260e-03
2.292147427797317505e-01 -1.079427674412727356e-01 -1.211763396859169006e-01
-6.308085285127162933e-03 8.145890198647975922e-03 -1.788297668099403381e-03
-2.472230931743979454e-03 1.861991360783576965e-03 -4.741712007671594620e-03
-1.850584894418716431e-02 -4.525743424892425537e-03 2.174137905240058899e-02
-7.913024723529815674e-02 8.042166382074356079e-02 -1.562959514558315277e-03
3.967586904764175415e-02 1.205162145197391510e-03 -4.117600619792938232e-02
1.339260116219520569e-02 4.719260148704051971e-03 2.212588116526603699e-02
2.164220437407493591e-03 7.089751772582530975e-03 -3.810354042798280716e-03
-2.488001482561230659e-03 -2.255750261247158051e-02 -2.305184956640005112e-03
6.066619232296943665e-02 -3.624353557825088501e-03 -5.754417553544044495e-02
5.973831936717033386e-02 -3.929763287305831909e-02 -2.036230824887752533e-02
-2.033564029261469841e-03 3.435668069869279861e-03 -4.272563848644495010e-03
-1.717307837679982185e-03 1.674447674304246902e-03 3.442905144765973091e-03
5.929128266870975494e-03 -4.105767700821161270e-03 2.641067840158939362e-03
-1.002617403864860535e-01 -1.588908731937408447e-01 2.591882646083831787e-01
7.356028258800506592e-02 -1.796040683984756470e-01 1.060755029320716858e-01
-1.521097868680953979e-02 1.209515705704689026e-02 5.542856524698436260e-04
-3.609553677961230278e-03 -1.970192417502403259e-03 4.772524349391460419e-03
-3.309465479105710983e-03 2.653793664649128914e-03 -1.542236655950546265e-03
1.273810304701328278e-02 -3.722563618794083595e-03 4.981366451829671860e-03
-2.127207443118095398e-02 1.672605797648429871e-02 7.364601828157901764e-03
-3.397366777062416077e-02 -1.175894634798169136e-03 3.560950234532356262e-02
1.901145465672016144e-02 -6.973475962877273560e-02 5.097909271717071533e-02
1.032901275902986526e-02 -1.357404422014951706e-02 2.693920687306672335e-04
-5.200033192522823811e-04 -3.975544590502977371e-03 -4.204059368930757046e-04
-1.066884491592645645e-02 7.305573672056198120e-03 7.756743580102920532e-03
-2.720863558351993561e-03 -9.840857237577438354e-03 3.180622588843107224e-03
-9.795305319130420685e-03 1.001961436122655869e-02 -5.893499474041163921e-05
-6.671970710158348083e-03 6.951697170734405518e-03 -6.965301465243101120e-03
1.079187914729118347e-02 3.978622611612081528e-03 -1.827302016317844391e-02
-3.586363280192017555e-03 3.236821503378450871e-04 5.375867709517478943e-03
-9.197491221129894257e-03 8.913496276363730431e-04 5.418493878096342087e-03
-1.341310143470764160e-02 4.108247347176074982e-03 6.274415180087089539e-03
-1.306633371859788895e-02 6.054120603948831558e-03 1.277174334973096848e-02
9.305060841143131256e-03 5.026421323418617249e-02 -5.822759866714477539e-02
-9.833457879722118378e-03 2.727915067225694656e-03 1.340260915458202362e-02
1.793603645637631416e-03 9.324440732598304749e-03 -1.162058440968394279e-03
-1.106215175241231918e-02 -6.062359549105167389e-03 -1.950806239619851112e-03
1.042158808559179306e-03 7.474646903574466705e-03 -7.151839789003133774e-03
2.691498491913080215e-03 -4.877052735537290573e-03 -2.019313629716634750e-03
1.885968446731567383e-02 -3.765114024281501770e-02 1.810560747981071472e-02
-4.858597647398710251e-03 5.803788546472787857e-03 -4.776251153089106083e-04
-3.877086332067847252e-03 -3.475887468084692955e-03 1.996735110878944397e-03
-1.290518324822187424e-03 1.115003833547234535e-03 3.767564427107572556e-03
-3.095777239650487900e-03 -7.267547305673360825e-03 -1.264706160873174667e-02
-4.131797177251428366e-04 -5.594466812908649445e-03 3.553557908162474632e-03
-6.042009918019175529e-04 3.979857428930699825e-04 -3.673662897199392319e-03
1.910655177198350430e-03 -2.322149928659200668e-03 4.987463820725679398e-03
2.967063803225755692e-03 3.110724035650491714e-03 5.660946480929851532e-04
-1.012237835675477982e-02 4.797264933586120605e-03 5.251387599855661392e-03
5.366218392737209797e-04 -6.494039553217589855e-04 6.500563584268093109e-03
1.148352213203907013e-02 -1.843926310539245605e-02 7.722317241132259369e-03
-2.494729496538639069e-02 1.481034699827432632e-02 6.109699606895446777e-04
-7.800017017871141434e-03 8.651853422634303570e-04 6.772459950298070908e-03
