0.280000000000000	2.53610000000000e-23
0.280500000000000	1.09170000000000e-21
0.281000000000000	6.12530000000000e-21
0.281500000000000	2.74790000000000e-19
0.282000000000000	2.83460000000000e-18
0.282500000000000	1.32710000000000e-17
0.283000000000000	6.76460000000000e-17
0.283500000000000	1.46140000000000e-16
0.284000000000000	4.98380000000000e-15
0.284500000000000	2.16240000000000e-14
0.285000000000000	8.99980000000000e-14
0.285500000000000	6.44240000000000e-13
0.286000000000000	2.35030000000000e-12
0.286500000000000	1.84580000000000e-11
0.287000000000000	7.25470000000000e-11
0.287500000000000	3.66180000000000e-10
0.288000000000000	2.80610000000000e-09
0.288500000000000	9.06510000000000e-09
0.289000000000000	3.49780000000000e-08
0.289500000000000	1.53680000000000e-07
0.290000000000000	5.14540000000000e-07
0.290500000000000	1.33030000000000e-06
0.291000000000000	3.89650000000000e-06
0.291500000000000	1.44250000000000e-05
0.292000000000000	4.07890000000000e-05
0.292500000000000	7.04140000000000e-05
0.293000000000000	0.000157600000000000
0.293500000000000	0.000470950000000000
0.294000000000000	0.000945580000000000
0.294500000000000	0.00159650000000000
0.295000000000000	0.00322460000000000
0.295500000000000	0.00802060000000000
0.296000000000000	0.0147370000000000
0.296500000000000	0.0233120000000000
0.297000000000000	0.0331870000000000
0.297500000000000	0.0679120000000000
0.298000000000000	0.111270000000000
0.298500000000000	0.142700000000000
0.299000000000000	0.203230000000000
0.299500000000000	0.373860000000000
0.300000000000000	0.456310000000000
0.300500000000000	0.572070000000000
0.301000000000000	0.919260000000000
0.301500000000000	1.32010000000000
0.302000000000000	1.45700000000000
0.302500000000000	2.19100000000000
0.303000000000000	3.73320000000000
0.303500000000000	4.80440000000000
0.304000000000000	5.09730000000000
0.304500000000000	6.46750000000000
0.305000000000000	8.93360000000000
0.305500000000000	10.1860000000000
0.306000000000000	10.1500000000000
0.306500000000000	11.5680000000000
0.307000000000000	15.2460000000000
0.307500000000000	19.4680000000000
0.308000000000000	20.7530000000000
0.308500000000000	22.7500000000000
0.309000000000000	22.2980000000000
0.309500000000000	23.6720000000000
0.310000000000000	27.8260000000000
0.310500000000000	35.8790000000000
0.311000000000000	45.3920000000000
0.311500000000000	46.1560000000000
0.312000000000000	50.8980000000000
0.312500000000000	53.7660000000000
0.313000000000000	58.3230000000000
0.313500000000000	58.9990000000000
0.314000000000000	65.2660000000000
0.314500000000000	70.4760000000000
0.315000000000000	73.6860000000000
0.315500000000000	64.8330000000000
0.316000000000000	67.0880000000000
0.316500000000000	81.1180000000000
0.317000000000000	93.0200000000000
0.317500000000000	99.7120000000000
0.318000000000000	95.8150000000000
0.318500000000000	100.050000000000
0.319000000000000	109.710000000000
0.319500000000000	106.930000000000
0.320000000000000	112.770000000000
0.320500000000000	133.050000000000
0.321000000000000	134.140000000000
0.321500000000000	128.170000000000
0.322000000000000	122
0.322500000000000	119.700000000000
0.323000000000000	116.230000000000
0.323500000000000	133.930000000000
0.324000000000000	148.520000000000
0.324500000000000	154.670000000000
0.325000000000000	155.040000000000
0.325500000000000	179.360000000000
0.326000000000000	208.680000000000
0.326500000000000	221.620000000000
0.327000000000000	218.340000000000
0.327500000000000	212.850000000000
0.328000000000000	197.730000000000
0.328500000000000	206.750000000000
0.329000000000000	232.970000000000
0.329500000000000	258.640000000000
0.330000000000000	261.920000000000
0.330500000000000	241.030000000000
0.331000000000000	228.350000000000
0.331500000000000	236.350000000000
0.332000000000000	245.080000000000
0.332500000000000	246.550000000000
0.333000000000000	242.630000000000
0.333500000000000	232.650000000000
0.334000000000000	238.230000000000
0.334500000000000	254.340000000000
0.335000000000000	264.770000000000
0.335500000000000	258.940000000000
0.336000000000000	238.130000000000
0.336500000000000	220.990000000000
0.337000000000000	217.670000000000
0.337500000000000	234.340000000000
0.338000000000000	253.210000000000
0.338500000000000	265.490000000000
0.339000000000000	270.960000000000
0.339500000000000	278.470000000000
0.340000000000000	296.590000000000
0.340500000000000	296.740000000000
0.341000000000000	279.320000000000
0.341500000000000	278.530000000000
0.342000000000000	291.210000000000
0.342500000000000	302.960000000000
0.343000000000000	308.570000000000
0.343500000000000	292.460000000000
0.344000000000000	253.520000000000
0.344500000000000	244.390000000000
0.345000000000000	278.540000000000
0.345500000000000	297.610000000000
0.346000000000000	291.320000000000
0.346500000000000	297.470000000000
0.347000000000000	303.180000000000
0.347500000000000	293.510000000000
0.348000000000000	293.060000000000
0.348500000000000	298.840000000000
0.349000000000000	288.640000000000
0.349500000000000	297.200000000000
0.350000000000000	329.130000000000
0.350500000000000	354.710000000000
0.351000000000000	346.030000000000
0.351500000000000	333.880000000000
0.352000000000000	326.740000000000
0.352500000000000	309.540000000000
0.353000000000000	329.750000000000
0.353500000000000	363.510000000000
0.354000000000000	385.230000000000
0.354500000000000	390.430000000000
0.355000000000000	391.400000000000
0.355500000000000	378.780000000000
0.356000000000000	356.270000000000
0.356500000000000	334.950000000000
0.357000000000000	295.270000000000
0.357500000000000	299.500000000000
0.358000000000000	279.360000000000
0.358500000000000	259.980000000000
0.359000000000000	306.500000000000
0.359500000000000	370.130000000000
0.360000000000000	392.400000000000
0.360500000000000	371.670000000000
0.361000000000000	342.780000000000
0.361500000000000	336.470000000000
0.362000000000000	353.500000000000
0.362500000000000	388.040000000000
0.363000000000000	400.050000000000
0.363500000000000	389.940000000000
0.364000000000000	404.720000000000
0.364500000000000	401.790000000000
0.365000000000000	418.100000000000
0.365500000000000	461.100000000000
0.366000000000000	495.080000000000
0.366500000000000	496.940000000000
0.367000000000000	488.690000000000
0.367500000000000	480.410000000000
0.368000000000000	453.190000000000
0.368500000000000	451.060000000000
0.369000000000000	472.440000000000
0.369500000000000	508.560000000000
0.370000000000000	516.660000000000
0.370500000000000	467.980000000000
0.371000000000000	476.280000000000
0.371500000000000	495.870000000000
0.372000000000000	465.060000000000
0.372500000000000	443.890000000000
0.373000000000000	428.330000000000
0.373500000000000	386.820000000000
0.374000000000000	386.510000000000
0.374500000000000	384.350000000000
0.375000000000000	410.870000000000
0.375500000000000	455.140000000000
0.376000000000000	472.180000000000
0.376500000000000	465.380000000000
0.377000000000000	500.140000000000
0.377500000000000	558.900000000000
0.378000000000000	603.140000000000
0.378500000000000	588.920000000000
0.379000000000000	526.160000000000
0.379500000000000	472.550000000000
0.380000000000000	497.510000000000
0.380500000000000	533.960000000000
0.381000000000000	544.240000000000
0.381500000000000	491.350000000000
0.382000000000000	419.580000000000
0.382500000000000	363.610000000000
0.383000000000000	326.480000000000
0.383500000000000	316.580000000000
0.384000000000000	366.890000000000
0.384500000000000	442.390000000000
0.385000000000000	486.380000000000
0.385500000000000	465.490000000000
0.386000000000000	449.840000000000
0.386500000000000	468.480000000000
0.387000000000000	473.430000000000
0.387500000000000	467.310000000000
0.388000000000000	463.500000000000
0.388500000000000	460.960000000000
0.389000000000000	501.210000000000
0.389500000000000	556.370000000000
0.390000000000000	584.570000000000
0.390500000000000	590.380000000000
0.391000000000000	626.340000000000
0.391500000000000	636.170000000000
0.392000000000000	586.560000000000
0.392500000000000	489.610000000000
0.393000000000000	355.020000000000
0.393500000000000	282.720000000000
0.394000000000000	367.800000000000
0.394500000000000	508.110000000000
0.395000000000000	600.960000000000
0.395500000000000	641.010000000000
0.396000000000000	564.430000000000
0.396500000000000	411.010000000000
0.397000000000000	318.820000000000
0.397500000000000	471.510000000000
0.398000000000000	639.440000000000
0.398500000000000	756.220000000000
0.399000000000000	804.080000000000
0.399500000000000	829.800000000000
0.400000000000000	839.890000000000
0.401000000000000	876.910000000000
0.402000000000000	913.870000000000
0.403000000000000	882.110000000000
0.404000000000000	898.490000000000
0.405000000000000	878.490000000000
0.406000000000000	858.780000000000
0.407000000000000	845.450000000000
0.408000000000000	884.880000000000
0.409000000000000	947.170000000000
0.410000000000000	809.100000000000
0.411000000000000	907.700000000000
0.412000000000000	966.860000000000
0.413000000000000	929.510000000000
0.414000000000000	921.340000000000
0.415000000000000	955.690000000000
0.416000000000000	986.280000000000
0.417000000000000	963.920000000000
0.418000000000000	923.920000000000
0.419000000000000	963.540000000000
0.420000000000000	884.670000000000
0.421000000000000	1006.70000000000
0.422000000000000	994.990000000000
0.423000000000000	965.310000000000
0.424000000000000	961.820000000000
0.425000000000000	993.120000000000
0.426000000000000	966.670000000000
0.427000000000000	935.500000000000
0.428000000000000	946.250000000000
0.429000000000000	877.660000000000
0.430000000000000	701.340000000000
0.431000000000000	637.790000000000
0.432000000000000	1062.80000000000
0.433000000000000	990.500000000000
0.434000000000000	916.530000000000
0.435000000000000	1007.00000000000
0.436000000000000	1106.10000000000
0.437000000000000	1130.60000000000
0.438000000000000	993.680000000000
0.439000000000000	957.530000000000
0.440000000000000	1099.30000000000
0.441000000000000	1085.90000000000
0.442000000000000	1164
0.443000000000000	1182.30000000000
0.444000000000000	1153.70000000000
0.445000000000000	1199.20000000000
0.446000000000000	1076.60000000000
0.447000000000000	1225.70000000000
0.448000000000000	1242.20000000000
0.449000000000000	1240.90000000000
0.450000000000000	1288.10000000000
0.451000000000000	1337.60000000000
0.452000000000000	1282.20000000000
0.453000000000000	1185.40000000000
0.454000000000000	1273
0.455000000000000	1265.50000000000
0.456000000000000	1308.80000000000
0.457000000000000	1321.30000000000
0.458000000000000	1294.60000000000
0.459000000000000	1285.90000000000
0.460000000000000	1279.10000000000
0.461000000000000	1325.50000000000
0.462000000000000	1339.20000000000
0.463000000000000	1345.20000000000
0.464000000000000	1305.50000000000
0.465000000000000	1290.50000000000
0.466000000000000	1319
0.467000000000000	1261.60000000000
0.468000000000000	1317.80000000000
0.469000000000000	1324.70000000000
0.470000000000000	1274.90000000000
0.471000000000000	1297.50000000000
0.472000000000000	1366.10000000000
0.473000000000000	1314.40000000000
0.474000000000000	1330.40000000000
0.475000000000000	1375.50000000000
0.476000000000000	1329.90000000000
0.477000000000000	1339.20000000000
0.478000000000000	1383.90000000000
0.479000000000000	1358.60000000000
0.480000000000000	1382.50000000000
0.481000000000000	1383.60000000000
0.482000000000000	1389.90000000000
0.483000000000000	1374.20000000000
0.484000000000000	1349.20000000000
0.485000000000000	1345.70000000000
0.486000000000000	1091.80000000000
0.487000000000000	1223.50000000000
0.488000000000000	1325.20000000000
0.489000000000000	1249.20000000000
0.490000000000000	1396.80000000000
0.491000000000000	1343.50000000000
0.492000000000000	1281.80000000000
0.493000000000000	1371.90000000000
0.494000000000000	1340.20000000000
0.495000000000000	1423.80000000000
0.496000000000000	1354.80000000000
0.497000000000000	1378.80000000000
0.498000000000000	1342.10000000000
0.499000000000000	1342.90000000000
0.500000000000000	1339.10000000000
0.501000000000000	1299
0.502000000000000	1299.10000000000
0.503000000000000	1359.70000000000
0.504000000000000	1268.20000000000
0.505000000000000	1359.80000000000
0.506000000000000	1415.30000000000
0.507000000000000	1354.80000000000
0.508000000000000	1321
0.509000000000000	1385
0.510000000000000	1349.70000000000
0.511000000000000	1375.30000000000
0.512000000000000	1412.50000000000
0.513000000000000	1327.70000000000
0.514000000000000	1300.30000000000
0.515000000000000	1338.50000000000
0.516000000000000	1351.40000000000
0.517000000000000	1101.70000000000
0.518000000000000	1260.50000000000
0.519000000000000	1222.20000000000
0.520000000000000	1334.90000000000
0.521000000000000	1345.20000000000
0.522000000000000	1376
0.523000000000000	1297.60000000000
0.524000000000000	1396.20000000000
0.525000000000000	1385.90000000000
0.526000000000000	1347.90000000000
0.527000000000000	1179.50000000000
0.528000000000000	1350.80000000000
0.529000000000000	1414.20000000000
0.530000000000000	1359.80000000000
0.531000000000000	1434.80000000000
0.532000000000000	1409.40000000000
0.533000000000000	1259
0.534000000000000	1349.10000000000
0.535000000000000	1370.10000000000
0.536000000000000	1429.20000000000
0.537000000000000	1322.90000000000
0.538000000000000	1389.60000000000
0.539000000000000	1355.80000000000
0.540000000000000	1309.60000000000
0.541000000000000	1259.50000000000
0.542000000000000	1371.40000000000
0.543000000000000	1349.30000000000
0.544000000000000	1397.10000000000
0.545000000000000	1365.70000000000
0.546000000000000	1353.60000000000
0.547000000000000	1371.70000000000
0.548000000000000	1333.10000000000
0.549000000000000	1375.20000000000
0.550000000000000	1364.80000000000
0.551000000000000	1363.90000000000
0.552000000000000	1392.30000000000
0.553000000000000	1353.30000000000
0.554000000000000	1380.20000000000
0.555000000000000	1388.30000000000
0.556000000000000	1365.10000000000
0.557000000000000	1332.10000000000
0.558000000000000	1361.30000000000
0.559000000000000	1288.50000000000
0.560000000000000	1311.80000000000
0.561000000000000	1388.50000000000
0.562000000000000	1322.50000000000
0.563000000000000	1373.10000000000
0.564000000000000	1346.60000000000
0.565000000000000	1355.50000000000
0.566000000000000	1282.30000000000
0.567000000000000	1367.30000000000
0.568000000000000	1355.40000000000
0.569000000000000	1322.80000000000
0.570000000000000	1324
0.571000000000000	1281
0.572000000000000	1353.40000000000
0.573000000000000	1359.50000000000
0.574000000000000	1352.70000000000
0.575000000000000	1322.50000000000
0.576000000000000	1311.80000000000
0.577000000000000	1345.20000000000
0.578000000000000	1304
0.579000000000000	1323
0.580000000000000	1345.50000000000
0.581000000000000	1351.80000000000
0.582000000000000	1372.90000000000
0.583000000000000	1387.20000000000
0.584000000000000	1384.50000000000
0.585000000000000	1373.70000000000
0.586000000000000	1340.90000000000
0.587000000000000	1370.80000000000
0.588000000000000	1340.30000000000
0.589000000000000	1158.20000000000
0.590000000000000	1231.60000000000
0.591000000000000	1317.10000000000
0.592000000000000	1290
0.593000000000000	1308.60000000000
0.594000000000000	1302.90000000000
0.595000000000000	1287
0.596000000000000	1326
0.597000000000000	1330.30000000000
0.598000000000000	1314.20000000000
0.599000000000000	1314.50000000000
0.600000000000000	1327.80000000000
0.601000000000000	1312.30000000000
0.602000000000000	1292.80000000000
0.603000000000000	1320.50000000000
0.604000000000000	1343.90000000000
0.605000000000000	1341.80000000000
0.606000000000000	1335.30000000000
0.607000000000000	1343.40000000000
0.608000000000000	1339.20000000000
0.609000000000000	1329.20000000000
0.610000000000000	1323.70000000000
0.611000000000000	1317
0.612000000000000	1337
0.613000000000000	1318.20000000000
0.614000000000000	1278.30000000000
0.615000000000000	1325.40000000000
0.616000000000000	1290.60000000000
0.617000000000000	1274.40000000000
0.618000000000000	1322.80000000000
0.619000000000000	1329.20000000000
0.620000000000000	1329.90000000000
0.621000000000000	1335.90000000000
0.622000000000000	1288.20000000000
0.623000000000000	1279.30000000000
0.624000000000000	1275.10000000000
0.625000000000000	1266.70000000000
0.626000000000000	1265.50000000000
0.627000000000000	1302.20000000000
0.628000000000000	1232.80000000000
0.629000000000000	1275.80000000000
0.630000000000000	1258.90000000000
0.631000000000000	1279.90000000000
0.632000000000000	1232.70000000000
0.633000000000000	1311
0.634000000000000	1290.70000000000
0.635000000000000	1306.50000000000
0.636000000000000	1276.80000000000
0.637000000000000	1320.40000000000
0.638000000000000	1329.20000000000
0.639000000000000	1323.80000000000
0.640000000000000	1296.20000000000
0.641000000000000	1297
0.642000000000000	1299.50000000000
0.643000000000000	1313
0.644000000000000	1307.40000000000
0.645000000000000	1317
0.646000000000000	1279.70000000000
0.647000000000000	1274.40000000000
0.648000000000000	1262.50000000000
0.649000000000000	1223.40000000000
0.650000000000000	1229.90000000000
0.651000000000000	1307.10000000000
0.652000000000000	1255.80000000000
0.653000000000000	1295
0.654000000000000	1280.70000000000
0.655000000000000	1222
0.656000000000000	1072.70000000000
0.657000000000000	1121.80000000000
0.658000000000000	1254
0.659000000000000	1258.60000000000
0.660000000000000	1266.80000000000
0.661000000000000	1261.80000000000
0.662000000000000	1251.80000000000
0.663000000000000	1253.90000000000
0.664000000000000	1264.70000000000
0.665000000000000	1287.10000000000
0.666000000000000	1286
0.667000000000000	1276.70000000000
0.668000000000000	1281
0.669000000000000	1303.20000000000
0.670000000000000	1285.30000000000
0.671000000000000	1282.90000000000
0.672000000000000	1265.10000000000
0.673000000000000	1276
0.674000000000000	1274.20000000000
0.675000000000000	1263.90000000000
0.676000000000000	1278.60000000000
0.677000000000000	1266.90000000000
0.678000000000000	1273.70000000000
0.679000000000000	1262.90000000000
0.680000000000000	1265
0.681000000000000	1260.10000000000
0.682000000000000	1266.20000000000
0.683000000000000	1252.60000000000
0.684000000000000	1244.50000000000
0.685000000000000	1245.40000000000
0.686000000000000	1217.40000000000
0.687000000000000	882.850000000000
0.688000000000000	1019.50000000000
0.689000000000000	1026
0.690000000000000	1074.60000000000
0.691000000000000	1120.10000000000
0.692000000000000	1151.60000000000
0.693000000000000	1144.60000000000
0.694000000000000	1131.80000000000
0.695000000000000	1153.80000000000
0.696000000000000	1151.30000000000
0.697000000000000	1215.10000000000
0.698000000000000	1196.10000000000
0.699000000000000	1172.10000000000
0.700000000000000	1163.60000000000
0.701000000000000	1148.90000000000
0.702000000000000	1150
0.703000000000000	1156.70000000000
0.704000000000000	1186.40000000000
0.705000000000000	1198.90000000000
0.706000000000000	1192.50000000000
0.707000000000000	1187.50000000000
0.708000000000000	1183.90000000000
0.709000000000000	1188
0.710000000000000	1195.40000000000
0.711000000000000	1193.40000000000
0.712000000000000	1185.60000000000
0.713000000000000	1171.90000000000
0.714000000000000	1182.30000000000
0.715000000000000	1142.80000000000
0.716000000000000	1154.80000000000
0.717000000000000	1008.10000000000
0.718000000000000	938.730000000000
0.719000000000000	842.740000000000
0.720000000000000	899.400000000000
0.721000000000000	989.670000000000
0.722000000000000	1128.10000000000
0.723000000000000	1042.30000000000
0.724000000000000	963.050000000000
0.725000000000000	947.410000000000
0.726000000000000	986.380000000000
0.727000000000000	989.880000000000
0.728000000000000	949.680000000000
0.729000000000000	955.030000000000
0.730000000000000	1029.40000000000
0.731000000000000	977.020000000000
0.732000000000000	1052
0.733000000000000	1090.10000000000
0.734000000000000	1126.10000000000
0.735000000000000	1110.10000000000
0.736000000000000	1099.40000000000
0.737000000000000	1097.80000000000
0.738000000000000	1118.40000000000
0.739000000000000	1085.50000000000
0.740000000000000	1111.90000000000
0.741000000000000	1107.80000000000
0.742000000000000	1108.40000000000
0.743000000000000	1131.60000000000
0.744000000000000	1140.80000000000
0.745000000000000	1140.40000000000
0.746000000000000	1138.10000000000
0.747000000000000	1138.90000000000
0.748000000000000	1132.30000000000
0.749000000000000	1128.60000000000
0.750000000000000	1127.30000000000
0.751000000000000	1122.40000000000
0.752000000000000	1126.50000000000
0.753000000000000	1121
0.754000000000000	1135.30000000000
0.755000000000000	1132.10000000000
0.756000000000000	1118.50000000000
0.757000000000000	1117.60000000000
0.758000000000000	1124.60000000000
0.759000000000000	1093.20000000000
0.760000000000000	247.160000000000
0.761000000000000	143.280000000000
0.762000000000000	634.910000000000
0.763000000000000	352.170000000000
0.764000000000000	498.850000000000
0.765000000000000	633.770000000000
0.766000000000000	750.800000000000
0.767000000000000	895.740000000000
0.768000000000000	1022.20000000000
0.769000000000000	1034.70000000000
0.770000000000000	1064.60000000000
0.771000000000000	1071.60000000000
0.772000000000000	1080.20000000000
0.773000000000000	1079.70000000000
0.774000000000000	1080
0.775000000000000	1080.10000000000
0.776000000000000	1082.70000000000
0.777000000000000	1076.40000000000
0.778000000000000	1075.40000000000
0.779000000000000	1080.30000000000
0.780000000000000	1068.70000000000
0.781000000000000	1066.20000000000
0.782000000000000	1071.40000000000
0.783000000000000	1067.20000000000
0.784000000000000	1060.20000000000
0.785000000000000	1064.90000000000
0.786000000000000	1065.60000000000
0.787000000000000	1053
0.788000000000000	1039.90000000000
0.789000000000000	1035.90000000000
0.790000000000000	1004.50000000000
0.791000000000000	1017.90000000000
0.792000000000000	1008.40000000000
0.793000000000000	1001.50000000000
0.794000000000000	1010.10000000000
0.795000000000000	1006.60000000000
0.796000000000000	989.850000000000
0.797000000000000	1005.70000000000
0.798000000000000	1024.50000000000
0.799000000000000	1004.80000000000
0.800000000000000	988.590000000000
0.801000000000000	999.780000000000
0.802000000000000	1001.10000000000
0.803000000000000	982.880000000000
0.804000000000000	994.520000000000
0.805000000000000	972.700000000000
0.806000000000000	1012.20000000000
0.807000000000000	1001.80000000000
0.808000000000000	998.440000000000
0.809000000000000	973.530000000000
0.810000000000000	974.880000000000
0.811000000000000	972.730000000000
0.812000000000000	948.820000000000
0.813000000000000	932.360000000000
0.814000000000000	836.810000000000
0.815000000000000	829.270000000000
0.816000000000000	771.710000000000
0.817000000000000	789.840000000000
0.818000000000000	762.990000000000
0.819000000000000	838.440000000000
0.820000000000000	798.990000000000
0.821000000000000	922.920000000000
0.822000000000000	880.810000000000
0.823000000000000	625.760000000000
0.824000000000000	866.190000000000
0.825000000000000	897.520000000000
0.826000000000000	865.300000000000
0.827000000000000	911.780000000000
0.828000000000000	788.700000000000
0.829000000000000	861.350000000000
0.830000000000000	849.300000000000
0.831000000000000	856.660000000000
0.832000000000000	829.610000000000
0.833000000000000	886.220000000000
0.834000000000000	866.080000000000
0.835000000000000	929.170000000000
0.836000000000000	901.350000000000
0.837000000000000	934.930000000000
0.838000000000000	925.850000000000
0.839000000000000	927.830000000000
0.840000000000000	941.240000000000
0.841000000000000	936.260000000000
0.842000000000000	924.110000000000
0.843000000000000	931.710000000000
0.844000000000000	914.340000000000
0.845000000000000	942.260000000000
0.846000000000000	944.470000000000
0.847000000000000	919.470000000000
0.848000000000000	920.100000000000
0.849000000000000	914.470000000000
0.850000000000000	829
0.851000000000000	904.540000000000
0.852000000000000	899.420000000000
0.853000000000000	895.400000000000
0.854000000000000	790
0.855000000000000	847.460000000000
0.856000000000000	903.430000000000
0.857000000000000	920.590000000000
0.858000000000000	920.940000000000
0.859000000000000	920.810000000000
0.860000000000000	917.640000000000
0.861000000000000	916.480000000000
0.862000000000000	923.670000000000
0.863000000000000	929.340000000000
0.864000000000000	909.560000000000
0.865000000000000	894.870000000000
0.866000000000000	788.820000000000
0.867000000000000	850.660000000000
0.868000000000000	891.400000000000
0.869000000000000	882.520000000000
0.870000000000000	899.330000000000
0.871000000000000	886.710000000000
0.872000000000000	898.870000000000
0.873000000000000	889.990000000000
0.874000000000000	874.510000000000
0.875000000000000	862.040000000000
0.876000000000000	886.250000000000
0.877000000000000	889.480000000000
0.878000000000000	886.070000000000
0.879000000000000	871.440000000000
0.880000000000000	874.340000000000
0.881000000000000	845.630000000000
0.882000000000000	867.870000000000
0.883000000000000	864.940000000000
0.884000000000000	868.590000000000
0.885000000000000	879.130000000000
0.886000000000000	845.150000000000
0.887000000000000	847.990000000000
0.888000000000000	858.990000000000
0.889000000000000	870.410000000000
0.890000000000000	860.780000000000
0.891000000000000	862.550000000000
0.892000000000000	846.880000000000
0.893000000000000	814.120000000000
0.894000000000000	794.130000000000
0.895000000000000	759.560000000000
0.896000000000000	712.650000000000
0.897000000000000	623.100000000000
0.898000000000000	671.370000000000
0.899000000000000	514.610000000000
0.900000000000000	694.290000000000
0.901000000000000	561.620000000000
0.902000000000000	625
0.903000000000000	644.830000000000
0.904000000000000	788.620000000000
0.905000000000000	763.370000000000
0.906000000000000	725.020000000000
0.907000000000000	598.330000000000
0.908000000000000	610.910000000000
0.909000000000000	659.120000000000
0.910000000000000	585.530000000000
0.911000000000000	625.800000000000
0.912000000000000	645.080000000000
0.913000000000000	589.060000000000
0.914000000000000	587.400000000000
0.915000000000000	635.500000000000
0.916000000000000	540.990000000000
0.917000000000000	683.500000000000
0.918000000000000	556.120000000000
0.919000000000000	691.610000000000
0.920000000000000	696.570000000000
0.921000000000000	730.040000000000
0.922000000000000	655.840000000000
0.923000000000000	696.980000000000
0.924000000000000	675.710000000000
0.925000000000000	666.210000000000
0.926000000000000	658.750000000000
0.927000000000000	736.840000000000
0.928000000000000	553.630000000000
0.929000000000000	517.920000000000
0.930000000000000	406.790000000000
0.931000000000000	385.400000000000
0.932000000000000	283.860000000000
0.933000000000000	234.590000000000
0.934000000000000	136.040000000000
0.935000000000000	236.900000000000
0.936000000000000	152.670000000000
0.937000000000000	154.530000000000
0.938000000000000	189.620000000000
0.939000000000000	375.910000000000
0.940000000000000	444.110000000000
0.941000000000000	350.710000000000
0.942000000000000	381.920000000000
0.943000000000000	262.890000000000
0.944000000000000	269.870000000000
0.945000000000000	347.290000000000
0.946000000000000	184.090000000000
0.947000000000000	350.100000000000
0.948000000000000	259.110000000000
0.949000000000000	465.140000000000
0.950000000000000	139.440000000000
0.951000000000000	455.630000000000
0.952000000000000	254.180000000000
0.953000000000000	324.420000000000
0.954000000000000	399.880000000000
0.955000000000000	322.040000000000
0.956000000000000	309.960000000000
0.957000000000000	255.910000000000
0.958000000000000	434.530000000000
0.959000000000000	352.940000000000
0.960000000000000	396.850000000000
0.961000000000000	434.810000000000
0.962000000000000	416.640000000000
0.963000000000000	475.850000000000
0.964000000000000	432.420000000000
0.965000000000000	474.690000000000
0.966000000000000	473.770000000000
0.967000000000000	473.530000000000
0.968000000000000	613.010000000000
0.969000000000000	644.800000000000
0.970000000000000	596.890000000000
0.971000000000000	670.590000000000
0.972000000000000	646.290000000000
0.973000000000000	570.810000000000
0.974000000000000	541.700000000000
0.975000000000000	555.360000000000
0.976000000000000	538.720000000000
0.977000000000000	600.840000000000
0.978000000000000	579.030000000000
0.979000000000000	600.460000000000
0.980000000000000	569.410000000000
0.981000000000000	670.580000000000
0.982000000000000	651.020000000000
0.983000000000000	629.150000000000
0.984000000000000	692.900000000000
0.985000000000000	647.340000000000
0.986000000000000	705.530000000000
0.987000000000000	694.890000000000
0.988000000000000	690.590000000000
0.989000000000000	703.910000000000
0.990000000000000	688.430000000000
0.991000000000000	708.330000000000
0.992000000000000	705.970000000000
0.993000000000000	693.250000000000
0.994000000000000	708.910000000000
0.995000000000000	706.730000000000
0.996000000000000	704.090000000000
0.997000000000000	695.550000000000
0.998000000000000	694.810000000000
0.999000000000000	694.550000000000
1	691.590000000000
1.00100000000000	700.130000000000
1.00200000000000	684.980000000000
1.00300000000000	690.860000000000
1.00400000000000	680.560000000000
1.00500000000000	641.400000000000
1.00600000000000	670.470000000000
1.00700000000000	684.630000000000
1.00800000000000	684.070000000000
1.00900000000000	677.420000000000
1.01000000000000	676.950000000000
1.01100000000000	680.340000000000
1.01200000000000	676.670000000000
1.01300000000000	675.560000000000
1.01400000000000	678.480000000000
1.01500000000000	666.760000000000
1.01600000000000	669.760000000000
1.01700000000000	662.370000000000
1.01800000000000	672.630000000000
1.01900000000000	648.800000000000
1.02000000000000	658.390000000000
1.02100000000000	661.070000000000
1.02200000000000	649.800000000000
1.02300000000000	654.900000000000
1.02400000000000	650.770000000000
1.02500000000000	657.270000000000
1.02600000000000	656.250000000000
1.02700000000000	653.180000000000
1.02800000000000	653.980000000000
1.02900000000000	646.870000000000
1.03000000000000	650.920000000000
1.03100000000000	647.990000000000
1.03200000000000	648.520000000000
1.03300000000000	637.510000000000
1.03400000000000	641.360000000000
1.03500000000000	643.480000000000
1.03600000000000	643.230000000000
1.03700000000000	636.640000000000
1.03800000000000	633.610000000000
1.03900000000000	638.020000000000
1.04000000000000	633.660000000000
1.04100000000000	633.790000000000
1.04200000000000	634.060000000000
1.04300000000000	627.730000000000
1.04400000000000	630.670000000000
1.04500000000000	627.120000000000
1.04600000000000	610.780000000000
1.04700000000000	620.080000000000
1.04800000000000	625.590000000000
1.04900000000000	622.060000000000
1.05000000000000	618.020000000000
1.05100000000000	618.620000000000
1.05200000000000	614.870000000000
1.05300000000000	613.020000000000
1.05400000000000	610.480000000000
1.05500000000000	612.420000000000
1.05600000000000	610.550000000000
1.05700000000000	609.100000000000
1.05800000000000	602.860000000000
1.05900000000000	584.530000000000
1.06000000000000	600.730000000000
1.06100000000000	586.940000000000
1.06200000000000	597.820000000000
1.06300000000000	588.150000000000
1.06400000000000	597.220000000000
1.06500000000000	594.610000000000
1.06600000000000	583.300000000000
1.06700000000000	586.370000000000
1.06800000000000	585.610000000000
1.06900000000000	554.280000000000
1.07000000000000	571.780000000000
1.07100000000000	583.040000000000
1.07200000000000	581.940000000000
1.07300000000000	570.860000000000
1.07400000000000	587.800000000000
1.07500000000000	560.540000000000
1.07600000000000	581.410000000000
1.07700000000000	571.750000000000
1.07800000000000	570.760000000000
1.07900000000000	572.100000000000
1.08000000000000	565.190000000000
1.08100000000000	549.730000000000
1.08200000000000	557.730000000000
1.08300000000000	566.030000000000
1.08400000000000	547.750000000000
1.08500000000000	561.630000000000
1.08600000000000	524.960000000000
1.08700000000000	536.850000000000
1.08800000000000	561.590000000000
1.08900000000000	548.560000000000
1.09000000000000	526.560000000000
1.09100000000000	557.220000000000
1.09200000000000	550.480000000000
1.09300000000000	484.170000000000
1.09400000000000	511.200000000000
1.09500000000000	493.630000000000
1.09600000000000	477.310000000000
1.09700000000000	548.050000000000
1.09800000000000	477.090000000000
1.09900000000000	481.610000000000
1.10000000000000	461.130000000000
1.10100000000000	471.690000000000
1.10200000000000	445.130000000000
1.10300000000000	442.910000000000
1.10400000000000	444.120000000000
1.10500000000000	480.650000000000
1.10600000000000	378.400000000000
1.10700000000000	458.660000000000
1.10800000000000	395.170000000000
1.10900000000000	392.490000000000
1.11000000000000	454.960000000000
1.11100000000000	315.720000000000
1.11200000000000	393.300000000000
1.11300000000000	255.990000000000
1.11400000000000	285.760000000000
1.11500000000000	238.330000000000
1.11600000000000	192.230000000000
1.11700000000000	76.1640000000000
1.11800000000000	207.630000000000
1.11900000000000	108.210000000000
1.12000000000000	135.620000000000
1.12100000000000	177.530000000000
1.12200000000000	78.1590000000000
1.12300000000000	122.550000000000
1.12400000000000	103.970000000000
1.12500000000000	137.940000000000
1.12600000000000	49.3940000000000
1.12700000000000	150.320000000000
1.12800000000000	94.9460000000000
1.12900000000000	101.330000000000
1.13000000000000	67.5680000000000
1.13100000000000	282.010000000000
1.13200000000000	223.590000000000
1.13300000000000	146.610000000000
1.13400000000000	39.9880000000000
1.13500000000000	14.8190000000000
1.13600000000000	123.200000000000
1.13700000000000	274.720000000000
1.13800000000000	194.280000000000
1.13900000000000	284.840000000000
1.14000000000000	244.470000000000
1.14100000000000	184.860000000000
1.14200000000000	214.810000000000
1.14300000000000	297.580000000000
1.14400000000000	108.430000000000
1.14500000000000	139.760000000000
1.14600000000000	150.850000000000
1.14700000000000	56.7150000000000
1.14800000000000	258.980000000000
1.14900000000000	208.940000000000
1.15000000000000	116.480000000000
1.15100000000000	194.530000000000
1.15200000000000	236.660000000000
1.15300000000000	227.620000000000
1.15400000000000	136.430000000000
1.15500000000000	299.030000000000
1.15600000000000	268.370000000000
1.15700000000000	300.400000000000
1.15800000000000	297.700000000000
1.15900000000000	321.630000000000
1.16000000000000	273.710000000000
1.16100000000000	331.670000000000
1.16200000000000	334.120000000000
1.16300000000000	446.440000000000
1.16400000000000	383.320000000000
1.16500000000000	370.800000000000
1.16600000000000	357.810000000000
1.16700000000000	391.050000000000
1.16800000000000	400.180000000000
1.16900000000000	403.480000000000
1.17000000000000	437.310000000000
1.17100000000000	427.500000000000
1.17200000000000	433.700000000000
1.17300000000000	435.220000000000
1.17400000000000	321.930000000000
1.17500000000000	431.420000000000
1.17600000000000	454.470000000000
1.17700000000000	450.400000000000
1.17800000000000	343.910000000000
1.17900000000000	461.140000000000
1.18000000000000	420.520000000000
1.18100000000000	434.230000000000
1.18200000000000	309.030000000000
1.18300000000000	418.530000000000
1.18400000000000	400.830000000000
1.18500000000000	389.080000000000
1.18600000000000	455.180000000000
1.18700000000000	434.940000000000
1.18800000000000	320.390000000000
1.18900000000000	396.850000000000
1.19000000000000	441.240000000000
1.19100000000000	426.380000000000
1.19200000000000	451.710000000000
1.19300000000000	433.700000000000
1.19400000000000	447.510000000000
1.19500000000000	426.710000000000
1.19600000000000	411.880000000000
1.19700000000000	455.270000000000
1.19800000000000	414.260000000000
1.19900000000000	348.690000000000
1.20000000000000	427.890000000000
1.20100000000000	417.350000000000
1.20200000000000	417.430000000000
1.20300000000000	414.410000000000
1.20400000000000	346.450000000000
1.20500000000000	417.140000000000
1.20600000000000	458.720000000000
1.20700000000000	410.440000000000
1.20800000000000	413.790000000000
1.20900000000000	395.480000000000
1.21000000000000	432.670000000000
1.21100000000000	403.190000000000
1.21200000000000	405.720000000000
1.21300000000000	448.040000000000
1.21400000000000	414.430000000000
1.21500000000000	408.510000000000
1.21600000000000	445.090000000000
1.21700000000000	434.570000000000
1.21800000000000	438.420000000000
1.21900000000000	426.390000000000
1.22000000000000	437.240000000000
1.22100000000000	444.130000000000
1.22200000000000	430.960000000000
1.22300000000000	424
1.22400000000000	427.880000000000
1.22500000000000	441.410000000000
1.22600000000000	446.960000000000
1.22700000000000	413.600000000000
1.22800000000000	445.440000000000
1.22900000000000	446.080000000000
1.23000000000000	439.280000000000
1.23100000000000	450.670000000000
1.23200000000000	445.250000000000
1.23300000000000	433.590000000000
1.23400000000000	448.930000000000
1.23500000000000	444.090000000000
1.23600000000000	447.950000000000
1.23700000000000	442.590000000000
1.23800000000000	446.940000000000
1.23900000000000	441.940000000000
1.24000000000000	440.110000000000
1.24100000000000	441.300000000000
1.24200000000000	441.790000000000
1.24300000000000	437.120000000000
1.24400000000000	434.990000000000
1.24500000000000	436.220000000000
1.24600000000000	439.020000000000
1.24700000000000	437.150000000000
1.24800000000000	438.280000000000
1.24900000000000	439.300000000000
1.25000000000000	436.840000000000
1.25100000000000	432.600000000000
1.25200000000000	431.060000000000
1.25300000000000	428.030000000000
1.25400000000000	424.160000000000
1.25500000000000	430.880000000000
1.25600000000000	420.960000000000
1.25700000000000	416.300000000000
1.25800000000000	425.490000000000
1.25900000000000	408.680000000000
1.26000000000000	412.350000000000
1.26100000000000	393.710000000000
1.26200000000000	378.670000000000
1.26300000000000	383
1.26400000000000	355.680000000000
1.26500000000000	378.710000000000
1.26600000000000	368.810000000000
1.26700000000000	371.590000000000
1.26800000000000	354.750000000000
1.26900000000000	236.560000000000
1.27000000000000	370.870000000000
1.27100000000000	390.620000000000
1.27200000000000	391.140000000000
1.27300000000000	388.740000000000
1.27400000000000	388.640000000000
1.27500000000000	394.550000000000
1.27600000000000	398.950000000000
1.27700000000000	401.910000000000
1.27800000000000	409.160000000000
1.27900000000000	406.260000000000
1.28000000000000	403.870000000000
1.28100000000000	395.540000000000
1.28200000000000	356.950000000000
1.28300000000000	389.780000000000
1.28400000000000	402.680000000000
1.28500000000000	405.770000000000
1.28600000000000	408.780000000000
1.28700000000000	404.050000000000
1.28800000000000	401.920000000000
1.28900000000000	391.940000000000
1.29000000000000	395.220000000000
1.29100000000000	400.040000000000
1.29200000000000	379.460000000000
1.29300000000000	395.060000000000
1.29400000000000	387.090000000000
1.29500000000000	388.010000000000
1.29600000000000	373.220000000000
1.29700000000000	355.830000000000
1.29800000000000	375.360000000000
1.29900000000000	391.270000000000
1.30000000000000	338.550000000000
1.30100000000000	347.280000000000
1.30200000000000	375.390000000000
1.30300000000000	331.970000000000
1.30400000000000	288.490000000000
1.30500000000000	367.830000000000
1.30600000000000	368.530000000000
1.30700000000000	293.620000000000
1.30800000000000	332.770000000000
1.30900000000000	368.220000000000
1.31000000000000	289.080000000000
1.31100000000000	320.120000000000
1.31200000000000	319.860000000000
1.31300000000000	300.890000000000
1.31400000000000	276.900000000000
1.31500000000000	274.470000000000
1.31600000000000	311.130000000000
1.31700000000000	299.690000000000
1.31800000000000	319.840000000000
1.31900000000000	258.030000000000
1.32000000000000	248.640000000000
1.32100000000000	286.840000000000
1.32200000000000	290.230000000000
1.32300000000000	223.860000000000
1.32400000000000	252.310000000000
1.32500000000000	309.430000000000
1.32600000000000	269.560000000000
1.32700000000000	255.930000000000
1.32800000000000	225.550000000000
1.32900000000000	170.970000000000
1.33000000000000	220.520000000000
1.33100000000000	139.510000000000
1.33200000000000	140.460000000000
1.33300000000000	195.450000000000
1.33400000000000	163.020000000000
1.33500000000000	222.440000000000
1.33600000000000	176.700000000000
1.33700000000000	158.520000000000
1.33800000000000	171.510000000000
1.33900000000000	170.330000000000
1.34000000000000	162.160000000000
1.34100000000000	164.190000000000
1.34200000000000	171.490000000000
1.34300000000000	122.590000000000
1.34400000000000	73.0180000000000
1.34500000000000	105.210000000000
1.34600000000000	56.1890000000000
1.34700000000000	58.0580000000000
1.34800000000000	4.58620000000000
1.34900000000000	15.6170000000000
1.35000000000000	15.4880000000000
1.35100000000000	4.47590000000000
1.35200000000000	1.46610000000000
1.35300000000000	0.0929180000000000
1.35400000000000	0.280510000000000
1.35500000000000	0.00348470000000000
1.35600000000000	0.0464890000000000
1.35700000000000	0.0694290000000000
1.35800000000000	0.00405750000000000
1.35900000000000	0.000710400000000000
1.36000000000000	0.00207060000000000
1.36100000000000	4.65660000000000e-06
1.36200000000000	1.74890000000000e-08
1.36300000000000	0.00305400000000000
1.36400000000000	0.00131500000000000
1.36500000000000	8.78330000000000e-09
1.36600000000000	0.0123790000000000
1.36700000000000	0.00481610000000000
1.36800000000000	1.43110000000000e-10
1.36900000000000	0.000500080000000000
1.37000000000000	0.000282660000000000
1.37100000000000	1.91010000000000e-05
1.37200000000000	0.00266230000000000
1.37300000000000	0.0429910000000000
1.37400000000000	0.173500000000000
1.37500000000000	0.313090000000000
1.37600000000000	0.249350000000000
1.37700000000000	0.118830000000000
1.37800000000000	1.07410000000000
1.37900000000000	0.0505330000000000
1.38000000000000	0.0790420000000000
1.38100000000000	0.00229780000000000
1.38200000000000	0.00248740000000000
1.38300000000000	4.26530000000000e-05
1.38400000000000	0.000597820000000000
1.38500000000000	0.00202550000000000
1.38600000000000	0.00244410000000000
1.38700000000000	0.192880000000000
1.38800000000000	0.00390370000000000
1.38900000000000	0.563380000000000
1.39000000000000	0.478360000000000
1.39100000000000	0.333450000000000
1.39200000000000	0.0230650000000000
1.39300000000000	0.112380000000000
1.39400000000000	0.0732680000000000
1.39500000000000	0.000651370000000000
1.39600000000000	6.13380000000000e-06
1.39700000000000	0.0476050000000000
1.39800000000000	1.23290000000000
1.39900000000000	0.788350000000000
1.40000000000000	3.15130000000000e-06
1.40100000000000	1.02190000000000e-05
1.40200000000000	1.78170000000000
1.40300000000000	2.31080000000000
1.40400000000000	0.717550000000000
1.40500000000000	0.000353950000000000
1.40600000000000	1.98610000000000
1.40700000000000	0.169570000000000
1.40800000000000	1.60230000000000
1.40900000000000	0.601590000000000
1.41000000000000	0.453320000000000
1.41100000000000	2.05440000000000
1.41200000000000	2.56500000000000
1.41300000000000	22.6900000000000
1.41400000000000	0.353590000000000
1.41500000000000	0.178540000000000
1.41600000000000	34.5610000000000
1.41700000000000	11.4310000000000
1.41800000000000	13.1820000000000
1.41900000000000	2.08510000000000
1.42000000000000	8.04370000000000
1.42100000000000	8.91170000000000
1.42200000000000	45.0230000000000
1.42300000000000	8.96760000000000
1.42400000000000	16.5110000000000
1.42500000000000	25.1420000000000
1.42600000000000	27.0320000000000
1.42700000000000	48.1800000000000
1.42800000000000	4.43600000000000
1.42900000000000	36.9850000000000
1.43000000000000	59.9120000000000
1.43100000000000	48.7920000000000
1.43200000000000	2.45240000000000
1.43300000000000	34.8700000000000
1.43400000000000	20.4030000000000
1.43500000000000	20.8470000000000
1.43600000000000	37.3260000000000
1.43700000000000	29.0850000000000
1.43800000000000	12.9130000000000
1.43900000000000	49.6720000000000
1.44000000000000	38.5470000000000
1.44100000000000	30.9590000000000
1.44200000000000	35.3560000000000
1.44300000000000	43.8680000000000
1.44400000000000	60.1430000000000
1.44500000000000	48.4340000000000
1.44600000000000	22.4920000000000
1.44700000000000	35.2650000000000
1.44800000000000	112.540000000000
1.44900000000000	99.3740000000000
1.45000000000000	26.6990000000000
1.45100000000000	10.9800000000000
1.45200000000000	60.7180000000000
1.45300000000000	79.8030000000000
1.45400000000000	133.840000000000
1.45500000000000	64.4090000000000
1.45600000000000	86.1580000000000
1.45700000000000	113.860000000000
1.45800000000000	132.730000000000
1.45900000000000	158.600000000000
1.46000000000000	83.1610000000000
1.46100000000000	87.8860000000000
1.46200000000000	127.080000000000
1.46300000000000	42.1060000000000
1.46400000000000	147.700000000000
1.46500000000000	90.9110000000000
1.46600000000000	63.4980000000000
1.46700000000000	35.1280000000000
1.46800000000000	74.9280000000000
1.46900000000000	92.3440000000000
1.47000000000000	48.3970000000000
1.47100000000000	17.3940000000000
1.47200000000000	45.5660000000000
1.47300000000000	68.3680000000000
1.47400000000000	94.7650000000000
1.47500000000000	179.540000000000
1.47600000000000	66.9870000000000
1.47700000000000	67.9160000000000
1.47800000000000	61.8250000000000
1.47900000000000	116.800000000000
1.48000000000000	59.0630000000000
1.48100000000000	112.210000000000
1.48200000000000	56.9670000000000
1.48300000000000	144.540000000000
1.48400000000000	133.750000000000
1.48500000000000	121.680000000000
1.48600000000000	120.080000000000
1.48700000000000	59.0420000000000
1.48800000000000	91.6540000000000
1.48900000000000	184.430000000000
1.49000000000000	169.930000000000
1.49100000000000	192.220000000000
1.49200000000000	159.860000000000
1.49300000000000	176.510000000000
1.49400000000000	197.940000000000
1.49500000000000	177.450000000000
1.49600000000000	163.850000000000
1.49700000000000	221.980000000000
1.49800000000000	184.370000000000
1.49900000000000	211.410000000000
1.50000000000000	243.390000000000
1.50100000000000	257.820000000000
1.50200000000000	226.880000000000
1.50300000000000	179.720000000000
1.50400000000000	155.860000000000
1.50500000000000	178.850000000000
1.50600000000000	250.260000000000
1.50700000000000	247.790000000000
1.50800000000000	236.060000000000
1.50900000000000	181.690000000000
1.51000000000000	262.690000000000
1.51100000000000	257.100000000000
1.51200000000000	253.150000000000
1.51300000000000	235.440000000000
1.51400000000000	219.300000000000
1.51500000000000	258.040000000000
1.51600000000000	249.430000000000
1.51700000000000	242.140000000000
1.51800000000000	244.890000000000
1.51900000000000	237.390000000000
1.52000000000000	256.880000000000
1.52100000000000	267.070000000000
1.52200000000000	256.170000000000
1.52300000000000	271.920000000000
1.52400000000000	267.430000000000
1.52500000000000	251.400000000000
1.52600000000000	259.770000000000
1.52700000000000	254.680000000000
1.52800000000000	271.220000000000
1.52900000000000	264.600000000000
1.53000000000000	247.890000000000
1.53100000000000	262
1.53200000000000	270.390000000000
1.53300000000000	269.180000000000
1.53400000000000	261.220000000000
1.53500000000000	259.240000000000
1.53600000000000	266.790000000000
1.53700000000000	265.580000000000
1.53800000000000	264.270000000000
1.53900000000000	265.190000000000
1.54000000000000	257.370000000000
1.54100000000000	261.410000000000
1.54200000000000	261.650000000000
1.54300000000000	264.390000000000
1.54400000000000	264.430000000000
1.54500000000000	269.220000000000
1.54600000000000	267.050000000000
1.54700000000000	265.370000000000
1.54800000000000	259.200000000000
1.54900000000000	265.680000000000
1.55000000000000	262.260000000000
1.55100000000000	262.930000000000
1.55200000000000	264.150000000000
1.55300000000000	263.660000000000
1.55400000000000	257.270000000000
1.55500000000000	260.050000000000
1.55600000000000	255.690000000000
1.55700000000000	263.010000000000
1.55800000000000	260.930000000000
1.55900000000000	260.540000000000
1.56000000000000	258.210000000000
1.56100000000000	262.420000000000
1.56200000000000	260.030000000000
1.56300000000000	259.170000000000
1.56400000000000	255.250000000000
1.56500000000000	259.750000000000
1.56600000000000	255.060000000000
1.56700000000000	255.660000000000
1.56800000000000	249.970000000000
1.56900000000000	247.360000000000
1.57000000000000	234.970000000000
1.57100000000000	228.500000000000
1.57200000000000	231.080000000000
1.57300000000000	227.500000000000
1.57400000000000	234.640000000000
1.57500000000000	232.940000000000
1.57600000000000	239.800000000000
1.57700000000000	209.940000000000
1.57800000000000	228.540000000000
1.57900000000000	230.050000000000
1.58000000000000	237.720000000000
1.58100000000000	241.650000000000
1.58200000000000	235.080000000000
1.58300000000000	240.510000000000
1.58400000000000	241.940000000000
1.58500000000000	251.350000000000
1.58600000000000	248.380000000000
1.58700000000000	245.790000000000
1.58800000000000	243.880000000000
1.58900000000000	225.670000000000
1.59000000000000	234.860000000000
1.59100000000000	235.030000000000
1.59200000000000	245.020000000000
1.59300000000000	250.920000000000
1.59400000000000	248.900000000000
1.59500000000000	250.830000000000
1.59600000000000	237.510000000000
1.59700000000000	239.850000000000
1.59800000000000	246.930000000000
1.59900000000000	235.110000000000
1.60000000000000	231.330000000000
1.60100000000000	216.910000000000
1.60200000000000	217.800000000000
1.60300000000000	217.650000000000
1.60400000000000	221.970000000000
1.60500000000000	230.100000000000
1.60600000000000	234.530000000000
1.60700000000000	226.370000000000
1.60800000000000	223.430000000000
1.60900000000000	220.880000000000
1.61000000000000	211.460000000000
1.61100000000000	220.390000000000
1.61200000000000	224.220000000000
1.61300000000000	230.470000000000
1.61400000000000	231.620000000000
1.61500000000000	234.200000000000
1.61600000000000	223.950000000000
1.61700000000000	227.980000000000
1.61800000000000	236.600000000000
1.61900000000000	234.150000000000
1.62000000000000	227.830000000000
1.62100000000000	227.650000000000
1.62200000000000	230.810000000000
1.62300000000000	235.590000000000
1.62400000000000	235.820000000000
1.62500000000000	231.090000000000
1.62600000000000	232.940000000000
1.62700000000000	233.980000000000
1.62800000000000	234.460000000000
1.62900000000000	234.560000000000
1.63000000000000	229.840000000000
1.63100000000000	231.360000000000
1.63200000000000	231.510000000000
1.63300000000000	226.140000000000
1.63400000000000	226.280000000000
1.63500000000000	227.120000000000
1.63600000000000	228.790000000000
1.63700000000000	220.640000000000
1.63800000000000	213.930000000000
1.63900000000000	214.100000000000
1.64000000000000	209.130000000000
1.64100000000000	213.480000000000
1.64200000000000	214.670000000000
1.64300000000000	209.390000000000
1.64400000000000	217.330000000000
1.64500000000000	212.160000000000
1.64600000000000	211.470000000000
1.64700000000000	221.350000000000
1.64800000000000	210.570000000000
1.64900000000000	212.610000000000
1.65000000000000	219.020000000000
1.65100000000000	202.810000000000
1.65200000000000	217.540000000000
1.65300000000000	216.610000000000
1.65400000000000	209.910000000000
1.65500000000000	216.190000000000
1.65600000000000	214.940000000000
1.65700000000000	216.130000000000
1.65800000000000	218.700000000000
1.65900000000000	215.140000000000
1.66000000000000	217.210000000000
1.66100000000000	217.740000000000
1.66200000000000	213.130000000000
1.66300000000000	216.300000000000
1.66400000000000	214.980000000000
1.66500000000000	206.070000000000
1.66600000000000	174.110000000000
1.66700000000000	205.020000000000
1.66800000000000	208.810000000000
1.66900000000000	209.390000000000
1.67000000000000	215.730000000000
1.67100000000000	212.940000000000
1.67200000000000	205.820000000000
1.67300000000000	210.520000000000
1.67400000000000	210.020000000000
1.67500000000000	207.930000000000
1.67600000000000	205.840000000000
1.67700000000000	206.680000000000
1.67800000000000	203.650000000000
1.67900000000000	207.410000000000
1.68000000000000	200.170000000000
1.68100000000000	189.360000000000
1.68200000000000	198.300000000000
1.68300000000000	203.570000000000
1.68400000000000	192.830000000000
1.68500000000000	207.630000000000
1.68600000000000	204.760000000000
1.68700000000000	199.510000000000
1.68800000000000	204.650000000000
1.68900000000000	201.780000000000
1.69000000000000	199.910000000000
1.69100000000000	188.080000000000
1.69200000000000	201.740000000000
1.69300000000000	205.870000000000
1.69400000000000	199.500000000000
1.69500000000000	204.270000000000
1.69600000000000	203.830000000000
1.69700000000000	176.490000000000
1.69800000000000	202.070000000000
1.69900000000000	200.240000000000
1.70000000000000	194.640000000000
1.70200000000000	198.740000000000
1.70500000000000	192.750000000000
1.71000000000000	183.160000000000
1.71500000000000	184.900000000000
1.72000000000000	182.310000000000
1.72500000000000	173.670000000000
1.73000000000000	169.790000000000
1.73500000000000	157.580000000000
1.74000000000000	164.050000000000
1.74500000000000	151.050000000000
1.75000000000000	161.620000000000
1.75500000000000	149.310000000000
1.76000000000000	156.080000000000
1.76500000000000	129.670000000000
1.77000000000000	138.310000000000
1.77500000000000	112.130000000000
1.78000000000000	98.1430000000000
1.78500000000000	75.2010000000000
1.79000000000000	86.8310000000000
1.79500000000000	45.8640000000000
1.80000000000000	31.1120000000000
1.80500000000000	14.4850000000000
1.81000000000000	9.47620000000000
1.81500000000000	3.20930000000000
1.82000000000000	0.965780000000000
1.82500000000000	1.24630000000000
1.83000000000000	0.00508960000000000
1.83500000000000	0.00627840000000000
1.84000000000000	6.13370000000000e-05
1.84500000000000	0.00612980000000000
1.85000000000000	0.00293480000000000
1.85500000000000	0.000277950000000000
1.86000000000000	0.0109200000000000
1.86500000000000	0.0166440000000000
1.87000000000000	2.61480000000000e-07
1.87500000000000	4.42960000000000e-07
1.88000000000000	0.0761230000000000
1.88500000000000	0.0431290000000000
1.89000000000000	0.219560000000000
1.89500000000000	0.127430000000000
1.90000000000000	0.000849160000000000
1.90500000000000	0.000557980000000000
1.91000000000000	0.0227260000000000
1.91500000000000	0.0196730000000000
1.92000000000000	0.444510000000000
1.92500000000000	0.923260000000000
1.93000000000000	0.544740000000000
1.93500000000000	3.54280000000000
1.94000000000000	3.23570000000000
1.94500000000000	10.7070000000000
1.95000000000000	16.4820000000000
1.95500000000000	9.88600000000000
1.96000000000000	21.5690000000000
1.96500000000000	28.1140000000000
1.97000000000000	48.0550000000000
1.97500000000000	66.7300000000000
1.98000000000000	74.2340000000000
1.98500000000000	81.6250000000000
1.99000000000000	84.1240000000000
1.99500000000000	79.7870000000000
2	37.4910000000000
2.00500000000000	14.7470000000000
2.01000000000000	39.0710000000000
2.01500000000000	26.2080000000000
2.02000000000000	44.2390000000000
2.02500000000000	72.7790000000000
2.03000000000000	83.4600000000000
2.03500000000000	94.8080000000000
2.04000000000000	88.3440000000000
2.04500000000000	89.6360000000000
2.05000000000000	66.8920000000000
2.05500000000000	54.0900000000000
2.06000000000000	68.1570000000000
2.06500000000000	60.9620000000000
2.07000000000000	64.7150000000000
2.07500000000000	76.3050000000000
2.08000000000000	85.5280000000000
2.08500000000000	83.8470000000000
2.09000000000000	87.7790000000000
2.09500000000000	88.4210000000000
2.10000000000000	84.8690000000000
2.10500000000000	91.7710000000000
2.11000000000000	88.3200000000000
2.11500000000000	90.3080000000000
2.12000000000000	86.2810000000000
2.12500000000000	87.3030000000000
2.13000000000000	88.4220000000000
2.13500000000000	88.6790000000000
2.14000000000000	89.3900000000000
2.14500000000000	88.1320000000000
2.15000000000000	83.3690000000000
2.15500000000000	83.5660000000000
2.16000000000000	82.9120000000000
2.16500000000000	75.1750000000000
2.17000000000000	80.7760000000000
2.17500000000000	79.2570000000000
2.18000000000000	80.5970000000000
2.18500000000000	73.4580000000000
2.19000000000000	77.9050000000000
2.19500000000000	77.8330000000000
2.20000000000000	70.1750000000000
2.20500000000000	72.9470000000000
2.21000000000000	78.1740000000000
2.21500000000000	75.1890000000000
2.22000000000000	76.6310000000000
2.22500000000000	74.4000000000000
2.23000000000000	74.7270000000000
2.23500000000000	73.2900000000000
2.24000000000000	72.1400000000000
2.24500000000000	69.9110000000000
2.25000000000000	71.0340000000000
2.25500000000000	66.8650000000000
2.26000000000000	66.1430000000000
2.26500000000000	67.3550000000000
2.27000000000000	64.1380000000000
2.27500000000000	63.3090000000000
2.28000000000000	65.5510000000000
2.28500000000000	62.3890000000000
2.29000000000000	62.5340000000000
2.29500000000000	60.6030000000000
2.30000000000000	58.1930000000000
2.30500000000000	58.5440000000000
2.31000000000000	63.1890000000000
2.31500000000000	57.5280000000000
2.32000000000000	51.4890000000000
2.32500000000000	55.6260000000000
2.33000000000000	56.2310000000000
2.33500000000000	57.3620000000000
2.34000000000000	45.3660000000000
2.34500000000000	50.8690000000000
2.35000000000000	41.1150000000000
2.35500000000000	46.9880000000000
2.36000000000000	49.7240000000000
2.36500000000000	48.9090000000000
2.37000000000000	30.5140000000000
2.37500000000000	43.7040000000000
2.38000000000000	42.1280000000000
2.38500000000000	30.5250000000000
2.39000000000000	36.7480000000000
2.39500000000000	40.1990000000000
2.40000000000000	43.7260000000000
2.40500000000000	33.2860000000000
2.41000000000000	33.5040000000000
2.41500000000000	27.0580000000000
2.42000000000000	26.3580000000000
2.42500000000000	32.8020000000000
2.43000000000000	44.7250000000000
2.43500000000000	14.7650000000000
2.44000000000000	42.9260000000000
2.44500000000000	20.6570000000000
2.45000000000000	13.5230000000000
2.45500000000000	24.6950000000000
2.46000000000000	33.1570000000000
2.46500000000000	24.0090000000000
2.47000000000000	16.6350000000000
2.47500000000000	16.3680000000000
2.48000000000000	7.99960000000000
2.48500000000000	5.58400000000000
2.49000000000000	3.49570000000000
2.49500000000000	2.86470000000000
2.50000000000000	7.03280000000000
2.50500000000000	1.51240000000000
2.51000000000000	2.20630000000000
2.51500000000000	0.516440000000000
2.52000000000000	0.368790000000000
2.52500000000000	0.0411940000000000
2.53000000000000	0.000632790000000000
2.53500000000000	0.000174150000000000
2.54000000000000	0.000375210000000000
2.54500000000000	5.34690000000000e-08
2.55000000000000	2.80660000000000e-10
2.55500000000000	1.03770000000000e-06
2.56000000000000	3.08420000000000e-08
2.56500000000000	1.58460000000000e-11
2.57000000000000	1.51510000000000e-15
2.57500000000000	1.07080000000000e-24
2.58000000000000	3.79330000000000e-19
2.58500000000000	1.70640000000000e-31
2.59000000000000	5.43690000000000e-28
2.59500000000000	2.26660000000000e-30
2.60000000000000	4.45560000000000e-25
2.60500000000000	5.75920000000000e-32
2.61000000000000	5.89700000000000e-31
2.61500000000000	1.11060000000000e-34
2.62000000000000	5.60560000000000e-26
2.62500000000000	3.83780000000000e-25
2.63000000000000	2.80260000000000e-42
2.63500000000000	3.87190000000000e-13
2.64000000000000	1.16570000000000e-13
2.64500000000000	8.92920000000000e-16
2.65000000000000	1.41860000000000e-16
2.65500000000000	1.30360000000000e-24
2.66000000000000	2.58800000000000e-22
2.66500000000000	1.10450000000000e-34
2.67000000000000	0
2.67500000000000	0
2.68000000000000	0
2.68500000000000	0
2.69000000000000	1.01780000000000e-26
2.69500000000000	7.10140000000000e-30
2.70000000000000	0
2.70500000000000	2.92730000000000e-39
2.71000000000000	1.12390000000000e-32
2.71500000000000	3.85490000000000e-23
2.72000000000000	5.60520000000000e-42
2.72500000000000	7.30940000000000e-19
2.73000000000000	6.09290000000000e-16
2.73500000000000	5.51210000000000e-18
2.74000000000000	2.34350000000000e-24
2.74500000000000	1.32240000000000e-20
2.75000000000000	1.67580000000000e-25
2.75500000000000	6.72620000000000e-41
2.76000000000000	0
2.76500000000000	2.70010000000000e-24
2.77000000000000	8.45280000000000e-21
2.77500000000000	4.03600000000000e-35
2.78000000000000	4.85320000000000e-31
2.78500000000000	3.92550000000000e-24
2.79000000000000	1.22950000000000e-13
2.79500000000000	3.65910000000000e-13
2.80000000000000	1.66650000000000e-09
2.80500000000000	6.82280000000000e-11
2.81000000000000	4.06950000000000e-07
2.81500000000000	2.90180000000000e-07
2.82000000000000	2.07890000000000e-08
2.82500000000000	0.000178140000000000
2.83000000000000	0.00394750000000000
2.83500000000000	2.15330000000000e-07
2.84000000000000	0.000198490000000000
2.84500000000000	0.0410740000000000
2.85000000000000	0.00117080000000000
2.85500000000000	0.000454250000000000
2.86000000000000	0.0256720000000000
2.86500000000000	0.169740000000000
2.87000000000000	0.00639220000000000
2.87500000000000	0.396630000000000
2.88000000000000	0.250370000000000
2.88500000000000	0.459060000000000
2.89000000000000	0.188600000000000
2.89500000000000	2.69820000000000
2.90000000000000	0.821830000000000
2.90500000000000	0.112370000000000
2.91000000000000	2.75660000000000
2.91500000000000	1.27420000000000
2.92000000000000	2.93160000000000
2.92500000000000	1.09730000000000
2.93000000000000	5.96060000000000
2.93500000000000	6.57250000000000
2.94000000000000	1.64790000000000
2.94500000000000	1.46730000000000
2.95000000000000	5.29350000000000
2.95500000000000	2.36550000000000
2.96000000000000	4.65490000000000
2.96500000000000	7.53130000000000
2.97000000000000	0.356760000000000
2.97500000000000	0.864990000000000
2.98000000000000	1.35480000000000
2.98500000000000	7.04950000000000
2.99000000000000	10.4070000000000
2.99500000000000	4.32860000000000
3	7.94420000000000
3.00500000000000	2.92610000000000
3.01000000000000	6.93200000000000
3.01500000000000	5.62320000000000
3.02000000000000	0.641430000000000
3.02500000000000	7.59480000000000
3.03000000000000	6.14910000000000
3.03500000000000	2.52900000000000
3.04000000000000	2.04870000000000
3.04500000000000	4.25990000000000
3.05000000000000	1.04460000000000
3.05500000000000	0.292950000000000
3.06000000000000	6.37610000000000
3.06500000000000	2.94580000000000
3.07000000000000	1.76990000000000
3.07500000000000	6.09280000000000
3.08000000000000	3.66460000000000
3.08500000000000	1.78760000000000
3.09000000000000	2.40800000000000
3.09500000000000	0.662660000000000
3.10000000000000	4.45130000000000
3.10500000000000	0.932030000000000
3.11000000000000	0.855240000000000
3.11500000000000	2.29320000000000
3.12000000000000	9.92940000000000
3.12500000000000	3.06250000000000
3.13000000000000	5.82460000000000
3.13500000000000	11.5710000000000
3.14000000000000	3.36030000000000
3.14500000000000	3.28690000000000
3.15000000000000	6.74570000000000
3.15500000000000	5.69650000000000
3.16000000000000	9.32940000000000
3.16500000000000	14.1630000000000
3.17000000000000	12.6450000000000
3.17500000000000	9.32520000000000
3.18000000000000	10.7300000000000
3.18500000000000	8.16440000000000
3.19000000000000	4.28170000000000
3.19500000000000	2.71970000000000
3.20000000000000	0.442800000000000
3.20500000000000	0.312800000000000
3.21000000000000	0.137680000000000
3.21500000000000	0.502370000000000
3.22000000000000	1.62450000000000
3.22500000000000	0.200660000000000
3.23000000000000	0.344040000000000
3.23500000000000	7.36250000000000
3.24000000000000	3.78160000000000
3.24500000000000	0.740960000000000
3.25000000000000	2.63080000000000
3.25500000000000	10.0290000000000
3.26000000000000	1.23600000000000
3.26500000000000	2.46860000000000
3.27000000000000	1.22920000000000
3.27500000000000	5.97580000000000
3.28000000000000	2.88900000000000
3.28500000000000	11.2230000000000
3.29000000000000	8.83100000000000
3.29500000000000	1.23370000000000
3.30000000000000	1.79440000000000
3.30500000000000	3.97460000000000
3.31000000000000	3.95650000000000
3.31500000000000	0.0162690000000000
3.32000000000000	0.0604960000000000
3.32500000000000	3.54860000000000
3.33000000000000	4.70140000000000
3.33500000000000	9.14700000000000
3.34000000000000	3.49030000000000
3.34500000000000	3.57220000000000
3.35000000000000	8.09980000000000
3.35500000000000	3.66420000000000
3.36000000000000	5.28920000000000
3.36500000000000	7.25910000000000
3.37000000000000	3.97700000000000
3.37500000000000	8.53880000000000
3.38000000000000	5.16240000000000
3.38500000000000	7.56500000000000
3.39000000000000	9.95520000000000
3.39500000000000	9.64460000000000
3.40000000000000	12.6380000000000
3.40500000000000	4.50610000000000
3.41000000000000	7.15470000000000
3.41500000000000	7.35430000000000
3.42000000000000	13.3050000000000
3.42500000000000	10.1120000000000
3.43000000000000	8.78100000000000
3.43500000000000	11.6730000000000
3.44000000000000	8.11810000000000
3.44500000000000	11.4340000000000
3.45000000000000	11.2670000000000
3.45500000000000	8.39380000000000
3.46000000000000	12.6570000000000
3.46500000000000	9.91630000000000
3.47000000000000	12.3860000000000
3.47500000000000	11.0510000000000
3.48000000000000	11.3350000000000
3.48500000000000	12.2120000000000
3.49000000000000	10.5200000000000
3.49500000000000	12.3830000000000
3.50000000000000	12.0320000000000
3.50500000000000	11.9230000000000
3.51000000000000	12.0770000000000
3.51500000000000	11.5980000000000
3.52000000000000	12.2260000000000
3.52500000000000	11.5230000000000
3.53000000000000	11.2170000000000
3.53500000000000	9.53050000000000
3.54000000000000	9.10110000000000
3.54500000000000	9.61540000000000
3.55000000000000	10.6160000000000
3.55500000000000	9.12450000000000
3.56000000000000	10.8720000000000
3.56500000000000	10.9280000000000
3.57000000000000	8.39510000000000
3.57500000000000	8.70280000000000
3.58000000000000	10.2550000000000
3.58500000000000	9.22820000000000
3.59000000000000	9.51450000000000
3.59500000000000	9.73290000000000
3.60000000000000	10.3280000000000
3.60500000000000	10.4250000000000
3.61000000000000	9.53850000000000
3.61500000000000	9.53180000000000
3.62000000000000	11.6860000000000
3.62500000000000	10.3020000000000
3.63000000000000	10.0160000000000
3.63500000000000	10.3620000000000
3.64000000000000	11.5490000000000
3.64500000000000	10.6630000000000
3.65000000000000	10.1830000000000
3.65500000000000	11.0420000000000
3.66000000000000	10.9780000000000
3.66500000000000	10.3130000000000
3.67000000000000	7.94640000000000
3.67500000000000	4.85690000000000
3.68000000000000	8.37890000000000
3.68500000000000	9.49060000000000
3.69000000000000	9.74580000000000
3.69500000000000	10.1880000000000
3.70000000000000	10.9370000000000
3.70500000000000	10.8270000000000
3.71000000000000	9.41300000000000
3.71500000000000	9.27310000000000
3.72000000000000	10.4290000000000
3.72500000000000	10.7510000000000
3.73000000000000	9.31690000000000
3.73500000000000	8.62600000000000
3.74000000000000	8.89230000000000
3.74500000000000	10.3800000000000
3.75000000000000	9.33410000000000
3.75500000000000	9.03360000000000
3.76000000000000	8.90410000000000
3.76500000000000	8.58910000000000
3.77000000000000	9.16490000000000
3.77500000000000	9.09180000000000
3.78000000000000	9.61580000000000
3.78500000000000	8.84980000000000
3.79000000000000	7.78910000000000
3.79500000000000	8.90560000000000
3.80000000000000	9.89880000000000
3.80500000000000	9.34140000000000
3.81000000000000	8.27710000000000
3.81500000000000	7.78670000000000
3.82000000000000	9.69080000000000
3.82500000000000	9.54020000000000
3.83000000000000	9.62680000000000
3.83500000000000	7.71900000000000
3.84000000000000	9.00660000000000
3.84500000000000	8.80970000000000
3.85000000000000	8.85690000000000
3.85500000000000	8.53650000000000
3.86000000000000	8.01970000000000
3.86500000000000	8.12480000000000
3.87000000000000	7.38390000000000
3.87500000000000	6.78320000000000
3.88000000000000	6.55430000000000
3.88500000000000	6.79260000000000
3.89000000000000	6.90280000000000
3.89500000000000	7.49830000000000
3.90000000000000	7.94870000000000
3.90500000000000	7.95000000000000
3.91000000000000	7.15600000000000
3.91500000000000	7.00700000000000
3.92000000000000	6.96650000000000
3.92500000000000	6.87140000000000
3.93000000000000	7.06990000000000
3.93500000000000	7.37430000000000
3.94000000000000	7.42280000000000
3.94500000000000	7.56130000000000
3.95000000000000	7.64750000000000
3.95500000000000	7.73990000000000
3.96000000000000	7.76790000000000
3.96500000000000	7.82530000000000
3.97000000000000	7.69970000000000
3.97500000000000	7.52800000000000
3.98000000000000	7.40490000000000
3.98500000000000	7.45030000000000
3.99000000000000	7.38940000000000
3.99500000000000	7.22630000000000
4	7.11990000000000