Sim 2

Solar R: 0.3801
Solar A: 0.6199
Solar T: 0.0

Wavelength	R	A	T
0.25	0.0554	0.9446	0.0	
0.2538	0.055	0.945	0.0	
0.2577	0.0547	0.9453	0.0	
0.2615	0.0543	0.9457	0.0	
0.2654	0.0541	0.9459	0.0	
0.2692	0.0539	0.9461	0.0	
0.2725	0.0535	0.9465	0.0	
0.2755	0.0533	0.9467	0.0	
0.2785	0.0528	0.9472	0.0	
0.2817	0.0524	0.9476	0.0	
0.2852	0.0524	0.9476	0.0	
0.2891	0.052	0.948	0.0	
0.2929	0.0517	0.9483	0.0	
0.2968	0.0514	0.9486	0.0	
0.3006	0.0509	0.9491	0.0	
0.3044	0.0509	0.9491	0.0	
0.3083	0.0507	0.9493	0.0	
0.3119	0.0504	0.9496	0.0	
0.3154	0.0504	0.9496	0.0	
0.3187	0.0501	0.9499	0.0	
0.3219	0.0499	0.9501	0.0	
0.3249	0.0497	0.9503	0.0	
0.3279	0.0495	0.9505	0.0	
0.3314	0.0492	0.9508	0.0	
0.3353	0.0489	0.9511	0.0	
0.3391	0.0488	0.9512	0.0	
0.3429	0.0484	0.9516	0.0	
0.3468	0.0481	0.9519	0.0	
0.3506	0.048	0.952	0.0	
0.3545	0.0477	0.9523	0.0	
0.3583	0.0472	0.9528	0.0	
0.3622	0.0473	0.9527	0.0	
0.366	0.0471	0.9529	0.0	
0.3698	0.0471	0.9529	0.0	
0.3737	0.047	0.953	0.0	
0.3775	0.0471	0.9529	0.0	
0.3814	0.0471	0.9529	0.0	
0.3852	0.047	0.953	0.0	
0.389	0.047	0.953	0.0	
0.3929	0.0471	0.9529	0.0	
0.3967	0.047	0.953	0.0	
0.4006	0.0468	0.9532	0.0	
0.4045	0.047	0.953	0.0	
0.4094	0.047	0.953	0.0	
0.4167	0.0468	0.9532	0.0	
0.4267	0.0469	0.9531	0.0	
0.4367	0.0468	0.9532	0.0	
0.4467	0.0466	0.9534	0.0	
0.4567	0.0468	0.9532	0.0	
0.4667	0.0469	0.9531	0.0	
0.4767	0.0467	0.9533	0.0	
0.4867	0.0468	0.9532	0.0	
0.4967	0.0467	0.9533	0.0	
0.5067	0.0468	0.9532	0.0	
0.5167	0.047	0.953	0.0	
0.5267	0.0467	0.9533	0.0	
0.5367	0.0468	0.9532	0.0	
0.5467	0.0469	0.9531	0.0	
0.5567	0.0479	0.9521	0.0	
0.5667	0.0505	0.9495	0.0	
0.5767	0.0567	0.9433	0.0	
0.5867	0.0703	0.9297	0.0	
0.5967	0.0955	0.9045	0.0	
0.6067	0.1283	0.8717	0.0	
0.6167	0.1646	0.8354	0.0	
0.6267	0.2049	0.7951	0.0	
0.6367	0.2363	0.7637	0.0	
0.6467	0.2634	0.7366	0.0	
0.6567	0.2901	0.7099	0.0	
0.6667	0.3272	0.6728	0.0	
0.6767	0.3598	0.6402	0.0	
0.6867	0.3906	0.6094	0.0	
0.6967	0.4163	0.5837	0.0	
0.7067	0.4409	0.5591	0.0	
0.7167	0.4648	0.5352	0.0	
0.7267	0.4866	0.5134	0.0	
0.7367	0.5085	0.4915	0.0	
0.7467	0.5249	0.4751	0.0	
0.7567	0.5408	0.4592	0.0	
0.7667	0.5439	0.4561	0.0	
0.7767	0.556	0.444	0.0	
0.7867	0.5623	0.4377	0.0	
0.7967	0.5573	0.4427	0.0	
0.8067	0.5409	0.4591	0.0	
0.8167	0.5232	0.4768	0.0	
0.8267	0.5176	0.4824	0.0	
0.8367	0.5105	0.4895	0.0	
0.8467	0.5049	0.4951	0.0	
0.8567	0.5033	0.4967	0.0	
0.8667	0.514	0.486	0.0	
0.8767	0.5198	0.4802	0.0	
0.8867	0.5232	0.4768	0.0	
0.8967	0.5377	0.4623	0.0	
0.9067	0.5456	0.4544	0.0	
0.9167	0.5571	0.4429	0.0	
0.9267	0.5631	0.4369	0.0	
0.9367	0.564	0.436	0.0	
0.9467	0.5748	0.4252	0.0	
0.9567	0.5875	0.4125	0.0	
0.9667	0.5992	0.4008	0.0	
0.9767	0.618	0.382	0.0	
0.9867	0.6352	0.3648	0.0	
0.9967	0.6576	0.3424	0.0	
1.0067	0.6691	0.3309	0.0	
1.0167	0.6762	0.3238	0.0	
1.0267	0.6896	0.3104	0.0	
1.0367	0.7067	0.2933	0.0	
1.0467	0.7239	0.2761	0.0	
1.0567	0.7284	0.2716	0.0	
1.0667	0.7281	0.2719	0.0	
1.0767	0.733	0.267	0.0	
1.0867	0.7308	0.2692	0.0	
1.0967	0.7354	0.2646	0.0	
1.1067	0.7342	0.2658	0.0	
1.1167	0.738	0.262	0.0	
1.1267	0.7358	0.2642	0.0	
1.1367	0.7472	0.2528	0.0	
1.1467	0.7505	0.2495	0.0	
1.1567	0.7517	0.2483	0.0	
1.1667	0.7447	0.2553	0.0	
1.1767	0.7275	0.2725	0.0	
1.1867	0.7184	0.2816	0.0	
1.1967	0.7192	0.2808	0.0	
1.2067	0.7344	0.2656	0.0	
1.2167	0.7422	0.2578	0.0	
1.2267	0.749	0.251	0.0	
1.2367	0.7506	0.2494	0.0	
1.2467	0.7515	0.2485	0.0	
1.2567	0.7533	0.2467	0.0	
1.2667	0.7632	0.2368	0.0	
1.2767	0.7707	0.2293	0.0	
1.2867	0.7616	0.2384	0.0	
1.2967	0.7482	0.2518	0.0	
1.3067	0.7363	0.2637	0.0	
1.3167	0.7358	0.2642	0.0	
1.3267	0.7369	0.2631	0.0	
1.3367	0.7364	0.2636	0.0	
1.3467	0.7305	0.2695	0.0	
1.3567	0.7186	0.2814	0.0	
1.3667	0.7115	0.2885	0.0	
1.3767	0.6987	0.3013	0.0	
1.3867	0.6866	0.3134	0.0	
1.3967	0.6869	0.3131	0.0	
1.4067	0.6798	0.3201	0.0	
1.4167	0.6707	0.3293	0.0	
1.4267	0.6666	0.3334	0.0	
1.4367	0.6662	0.3338	0.0	
1.4467	0.672	0.328	0.0	
1.4567	0.6779	0.3221	0.0	
1.4667	0.6866	0.3134	0.0	
1.4767	0.6868	0.3132	0.0	
1.4867	0.6875	0.3125	0.0	
1.4967	0.682	0.3179	0.0	
1.5049	0.6835	0.3164	0.0	
1.5111	0.6854	0.3146	0.0	
1.5173	0.6844	0.3156	0.0	
1.5235	0.684	0.316	0.0	
1.5297	0.6765	0.3234	0.0	
1.5359	0.6767	0.3232	0.0001	
1.5421	0.6717	0.3282	0.0001	
1.5483	0.674	0.326	0.0001	
1.5545	0.6785	0.3214	0.0001	
1.5607	0.683	0.3169	0.0001	
1.5669	0.6835	0.3164	0.0001	
1.5731	0.6824	0.3175	0.0001	
1.5793	0.6822	0.3178	0.0	
1.5855	0.6809	0.319	0.0001	
1.5917	0.674	0.3259	0.0001	
1.5979	0.672	0.3279	0.0001	
1.6041	0.6676	0.3323	0.0001	
1.6103	0.6609	0.339	0.0001	
1.6165	0.6622	0.3377	0.0001	
1.6227	0.6604	0.3395	0.0001	
1.6289	0.6553	0.3446	0.0001	
1.6351	0.6534	0.3464	0.0001	
1.6413	0.6505	0.3494	0.0001	
1.6475	0.6483	0.3516	0.0001	
1.6537	0.6403	0.3596	0.0001	
1.6599	0.6256	0.3743	0.0001	
1.6661	0.5992	0.4007	0.0001	
1.6723	0.5697	0.4303	0.0001	
1.6785	0.5325	0.4675	0.0	
1.6847	0.5082	0.4918	0.0	
1.6909	0.4942	0.5058	0.0	
1.6971	0.4977	0.5022	0.0	
1.7033	0.4981	0.5019	0.0	
1.7095	0.504	0.4959	0.0	
1.7157	0.5021	0.4979	0.0	
1.7219	0.5064	0.4936	0.0	
1.7281	0.5065	0.4935	0.0	
1.7343	0.5109	0.489	0.0	
1.7405	0.524	0.476	0.0	
1.7467	0.5298	0.4702	0.0	
1.7529	0.5419	0.458	0.0	
1.7591	0.5478	0.4521	0.0001	
1.7653	0.5616	0.4383	0.0001	
1.7715	0.5739	0.426	0.0001	
1.7777	0.5853	0.4145	0.0002	
1.7839	0.5965	0.4032	0.0002	
1.7901	0.6019	0.3978	0.0003	
1.7963	0.6066	0.3931	0.0003	
1.8025	0.6104	0.3893	0.0003	
1.8087	0.61	0.3896	0.0004	
1.8149	0.6097	0.3899	0.0004	
1.8211	0.6084	0.3912	0.0004	
1.8273	0.6124	0.3871	0.0005	
1.8335	0.613	0.3865	0.0005	
1.8397	0.6211	0.3783	0.0006	
1.8459	0.6185	0.3808	0.0006	
1.8521	0.6209	0.3785	0.0007	
1.8583	0.6135	0.3858	0.0006	
1.8645	0.6084	0.3909	0.0007	
1.8707	0.6011	0.3982	0.0007	
1.8769	0.595	0.4041	0.0008	
1.8831	0.5917	0.4075	0.0008	
1.8893	0.5862	0.413	0.0008	
1.8955	0.5784	0.4208	0.0007	
1.9017	0.575	0.4245	0.0006	
1.9079	0.5692	0.4303	0.0004	
1.9141	0.5669	0.4326	0.0004	
1.9203	0.5677	0.4318	0.0005	
1.9265	0.5699	0.4295	0.0006	
1.9327	0.5725	0.4269	0.0006	
1.9389	0.5751	0.4242	0.0007	
1.9451	0.5821	0.4172	0.0006	
1.9513	0.5802	0.4192	0.0006	
1.9575	0.5818	0.4175	0.0008	
1.9637	0.5862	0.4129	0.0009	
1.9699	0.5914	0.4076	0.001	
1.9761	0.5933	0.4057	0.001	
1.9823	0.5952	0.4037	0.0011	
1.9885	0.5945	0.4043	0.0012	
1.9947	0.592	0.4069	0.0011	
2.0009	0.5892	0.4097	0.0011	
2.0071	0.5856	0.4134	0.001	
2.0133	0.5803	0.4187	0.001	
2.0195	0.5726	0.4266	0.0008	
2.0257	0.5706	0.4286	0.0008	
2.0319	0.5687	0.4305	0.0008	
2.0381	0.5639	0.4355	0.0006	
2.0443	0.5595	0.4398	0.0007	
2.0505	0.5589	0.4404	0.0006	
2.0567	0.5518	0.4476	0.0006	
2.0629	0.5501	0.4494	0.0006	
2.0691	0.5446	0.4549	0.0005	
2.0753	0.544	0.4555	0.0005	
2.0815	0.5415	0.458	0.0005	
2.0877	0.5435	0.4559	0.0005	
2.0939	0.5415	0.458	0.0006	
2.1001	0.5401	0.4593	0.0005	
2.1063	0.5293	0.4703	0.0004	
2.1125	0.5205	0.4792	0.0003	
2.1187	0.5057	0.494	0.0003	
2.1249	0.5046	0.4952	0.0002	
2.1311	0.5009	0.4988	0.0002	
2.1373	0.4997	0.5	0.0002	
2.1435	0.5046	0.4951	0.0003	
2.1497	0.5082	0.4915	0.0003	
2.1559	0.5074	0.4923	0.0003	
2.1621	0.5144	0.4852	0.0004	
2.1683	0.5163	0.4833	0.0005	
2.1745	0.5224	0.477	0.0005	
2.1807	0.522	0.4774	0.0006	
2.1869	0.521	0.4785	0.0005	
2.1931	0.5176	0.4818	0.0005	
2.1993	0.5091	0.4905	0.0004	
2.2055	0.494	0.5057	0.0003	
2.2117	0.4696	0.5302	0.0002	
2.2179	0.4366	0.5633	0.0001	
2.2241	0.399	0.601	0.0	
2.2303	0.3584	0.6416	0.0	
2.2365	0.3166	0.6834	0.0	
2.2427	0.2797	0.7203	0.0	
2.2489	0.2445	0.7555	0.0	
2.2551	0.2143	0.7857	0.0	
2.2613	0.1955	0.8045	0.0	
2.2675	0.1856	0.8144	0.0	
2.2737	0.1846	0.8154	0.0	
2.2799	0.1817	0.8183	0.0	
2.2861	0.1781	0.8219	0.0	
2.2923	0.1715	0.8285	0.0	
2.2985	0.1666	0.8334	0.0	
2.3047	0.1743	0.8257	0.0	
2.3109	0.1855	0.8145	0.0	
2.3171	0.206	0.794	0.0	
2.3233	0.2259	0.7741	0.0	
2.3295	0.2375	0.7625	0.0	
2.3357	0.2434	0.7566	0.0	
2.3419	0.248	0.752	0.0	
2.3481	0.2458	0.7542	0.0	
2.3543	0.2496	0.7504	0.0	
2.3605	0.2588	0.7412	0.0	
2.3667	0.2638	0.7362	0.0	
2.3729	0.2709	0.7291	0.0	
2.3791	0.2658	0.7342	0.0	
2.3853	0.2613	0.7387	0.0	
2.3915	0.2566	0.7434	0.0	
2.3977	0.2525	0.7475	0.0	
2.4039	0.2506	0.7494	0.0	
2.4101	0.2455	0.7545	0.0	
2.4163	0.2403	0.7597	0.0	
2.4225	0.2402	0.7598	0.0	
2.4287	0.2324	0.7676	0.0	
2.4349	0.2243	0.7757	0.0	
2.4411	0.2199	0.7801	0.0	
2.4473	0.219	0.781	0.0	
2.4535	0.2282	0.7718	0.0	
2.4597	0.2334	0.7666	0.0	
2.4659	0.2461	0.7538	0.0	
2.4721	0.2583	0.7417	0.0	
2.4783	0.2702	0.7298	0.0	
2.4845	0.2837	0.7163	0.0	
2.4907	0.3017	0.6983	0.0	
2.4969	0.3197	0.6802	0.0	
2.5	0.3233	0.6767	0.0	

Input file:
mc
output:fig5b
particle1:fe2o3.txt
particle2:tio2.txt
matrix1:acr.txt
mesh:1
solar:am15.txt
photons:100000
start=0.25
end=2.5

sim2
upper:1
lower:1
layer1
matrix1
t:100
particle1
d:0.05
vf:0.5
layer2
matrix1
t:300
particle2
d:0.4
vf:60
