Sim 1

Solar R: 0.85
Solar A: 0.0146
Solar T: 0.1354

WL	R	A	T	n(1)	mu_a(1)	mu_s(1)	g(1)	t(1)
0.25	0.6061	0.3844	0.0095	1.555	0.0013	2.9586	0.9502	200.0	
0.26	0.8236	0.1198	0.0565	1.5479	0.0002	2.8997	0.9467	200.0	
0.27	0.8631	0.0675	0.0694	1.5418	0.0001	2.8238	0.9433	200.0	
0.28	0.8814	0.044	0.0747	1.5364	0.0001	2.7345	0.9398	200.0	
0.29	0.8968	0.0222	0.081	1.5318	0.0	2.6413	0.9363	200.0	
0.3	0.9047	0.0128	0.0825	1.5277	0.0	2.5395	0.9328	200.0	
0.31	0.9086	0.0091	0.0824	1.5241	0.0	2.4402	0.9292	200.0	
0.32	0.9119	0.0052	0.0829	1.521	0.0	2.3383	0.9257	200.0	
0.33	0.9151	0.001	0.0839	1.5182	0.0	2.2402	0.9221	200.0	
0.34	0.9162	0.0	0.0841	1.5157	0.0	2.1441	0.9185	200.0	
0.35	0.9163	0.0	0.084	1.5135	0.0	2.0495	0.9148	200.0	
0.36	0.9164	0.0	0.0838	1.5115	0.0	1.9613	0.9111	200.0	
0.37	0.9163	0.0	0.0839	1.5098	0.0	1.8738	0.9074	200.0	
0.38	0.9162	0.0	0.084	1.5081	0.0	1.7913	0.9036	200.0	
0.39	0.9159	0.0	0.0842	1.5067	0.0	1.7112	0.8999	200.0	
0.4	0.9156	0.0	0.0844	1.5054	0.0	1.6358	0.896	200.0	
0.41	0.9153	0.0	0.0848	1.5042	0.0	1.5635	0.8921	200.0	
0.42	0.9149	0.0	0.0851	1.5031	0.0	1.4956	0.8882	200.0	
0.43	0.9145	0.0001	0.0854	1.5021	0.0	1.4309	0.8843	200.0	
0.44	0.9141	0.0001	0.0858	1.5012	0.0	1.3699	0.8803	200.0	
0.45	0.9137	0.0001	0.0862	1.5004	0.0	1.3111	0.8763	200.0	
0.46	0.9129	0.0002	0.0869	1.4997	0.0	1.2546	0.8722	200.0	
0.47	0.912	0.0003	0.0877	1.4989	0.0	1.2028	0.8681	200.0	
0.48	0.9109	0.0005	0.0886	1.4983	0.0	1.1527	0.864	200.0	
0.49	0.9099	0.0007	0.0894	1.4977	0.0	1.1054	0.8598	200.0	
0.5	0.9088	0.0009	0.0903	1.4972	0.0	1.0607	0.8556	200.0	
0.51	0.9078	0.0011	0.0911	1.4966	0.0	1.0185	0.8513	200.0	
0.52	0.9066	0.0011	0.0923	1.4961	0.0	0.9779	0.8471	200.0	
0.53	0.9053	0.001	0.0936	1.4957	0.0	0.9391	0.8428	200.0	
0.54	0.9041	0.001	0.0949	1.4954	0.0	0.9019	0.8384	200.0	
0.55	0.9028	0.001	0.0962	1.495	0.0	0.8664	0.8341	200.0	
0.56	0.9016	0.001	0.0974	1.4946	0.0	0.8334	0.8297	200.0	
0.57	0.9004	0.001	0.0986	1.4943	0.0	0.802	0.8252	200.0	
0.58	0.8993	0.001	0.0998	1.494	0.0	0.7723	0.8208	200.0	
0.59	0.898	0.001	0.101	1.4937	0.0	0.7431	0.8163	200.0	
0.6	0.8968	0.0009	0.1023	1.4934	0.0	0.7162	0.8118	200.0	
0.61	0.8956	0.0009	0.1035	1.4932	0.0	0.6906	0.8073	200.0	
0.62	0.8942	0.0009	0.1049	1.493	0.0	0.6651	0.8027	200.0	
0.63	0.8929	0.0008	0.1063	1.4927	0.0	0.6414	0.7982	200.0	
0.64	0.8916	0.0008	0.1076	1.4925	0.0	0.6189	0.7936	200.0	
0.65	0.8903	0.0007	0.109	1.4923	0.0	0.5975	0.7889	200.0	
0.66	0.889	0.0007	0.1103	1.4921	0.0	0.5771	0.7843	200.0	
0.67	0.8877	0.0006	0.1117	1.492	0.0	0.5573	0.7797	200.0	
0.68	0.8864	0.0006	0.113	1.4918	0.0	0.5384	0.775	200.0	
0.69	0.8851	0.0006	0.1143	1.4916	0.0	0.5208	0.7703	200.0	
0.7	0.8837	0.0005	0.1158	1.4915	0.0	0.5028	0.7656	200.0	
0.71	0.8825	0.0005	0.1171	1.4913	0.0	0.4868	0.7609	200.0	
0.72	0.8811	0.0004	0.1185	1.4912	0.0	0.4704	0.7561	200.0	
0.73	0.8798	0.0004	0.1199	1.4911	0.0	0.4551	0.7514	200.0	
0.74	0.8786	0.0003	0.1211	1.491	0.0	0.4409	0.7466	200.0	
0.75	0.8774	0.0003	0.1224	1.4908	0.0	0.4271	0.7417	200.0	
0.76	0.8761	0.0002	0.1237	1.4908	0.0	0.4137	0.7369	200.0	
0.77	0.8748	0.0002	0.125	1.4907	0.0	0.4007	0.732	200.0	
0.78	0.8735	0.0001	0.1264	1.4906	0.0	0.388	0.7271	200.0	
0.79	0.8723	0.0001	0.1276	1.4905	0.0	0.3762	0.7222	200.0	
0.8	0.8711	0.0	0.1289	1.4904	0.0	0.3648	0.7172	200.0	
0.81	0.8699	0.0	0.1301	1.4903	0.0	0.3539	0.7122	200.0	
0.82	0.8685	0.0	0.1316	1.4902	0.0	0.3434	0.7072	200.0	
0.83	0.8672	0.0	0.1329	1.4901	0.0	0.3336	0.7021	200.0	
0.84	0.8658	0.0	0.1344	1.49	0.0	0.324	0.697	200.0	
0.85	0.8643	0.0	0.1359	1.49	0.0	0.3143	0.6918	200.0	
0.86	0.8629	0.0	0.1374	1.4899	0.0	0.3052	0.6866	200.0	
0.87	0.8615	0.0	0.1388	1.4898	0.0	0.2966	0.6814	200.0	
0.88	0.8602	0.0	0.1401	1.4898	0.0	0.2883	0.6761	200.0	
0.89	0.8589	0.0	0.1415	1.4898	0.0	0.2803	0.6708	200.0	
0.9	0.8576	0.0	0.1429	1.4897	0.0	0.2724	0.6654	200.0	
0.91	0.8562	0.0	0.1443	1.4897	0.0	0.2648	0.6599	200.0	
0.92	0.8551	0.0	0.1454	1.4896	0.0	0.2579	0.6545	200.0	
0.93	0.8538	0.0	0.1467	1.4895	0.0	0.251	0.6489	200.0	
0.94	0.8525	0.0	0.1481	1.4895	0.0	0.244	0.6434	200.0	
0.95	0.8514	0.0	0.1493	1.4894	0.0	0.2379	0.6377	200.0	
0.96	0.8501	0.0	0.1506	1.4894	0.0	0.2315	0.6321	200.0	
0.97	0.8489	0.0	0.1518	1.4894	0.0	0.2254	0.6264	200.0	
0.98	0.8477	0.0	0.153	1.4893	0.0	0.2196	0.6207	200.0	
0.99	0.8466	0.0	0.1542	1.4893	0.0	0.2141	0.6149	200.0	
1.0	0.8454	0.0	0.1554	1.4893	0.0	0.2087	0.6091	200.0	
1.01	0.8443	0.0	0.1566	1.4892	0.0	0.2035	0.6033	200.0	
1.02	0.8431	0.0	0.1578	1.4892	0.0	0.1984	0.5975	200.0	
1.03	0.842	0.0	0.159	1.4892	0.0	0.1933	0.5916	200.0	
1.04	0.841	0.0	0.16	1.4891	0.0	0.1888	0.5857	200.0	
1.05	0.8398	0.0	0.1612	1.4891	0.0	0.184	0.5798	200.0	
1.06	0.8387	0.0	0.1624	1.4891	0.0	0.1796	0.5739	200.0	
1.07	0.8376	0.0	0.1634	1.489	0.0	0.1756	0.568	200.0	
1.08	0.8361	0.0	0.1649	1.489	0.0	0.1713	0.5621	200.0	
1.09	0.8347	0.0	0.1663	1.489	0.0	0.1672	0.5562	200.0	
1.1	0.8333	0.0	0.1676	1.4889	0.0	0.1634	0.5502	200.0	
1.11	0.8319	0.0	0.1689	1.4889	0.0	0.1596	0.5443	200.0	
1.12	0.8306	0.0	0.1703	1.4889	0.0	0.156	0.5384	200.0	
1.13	0.8292	0.0	0.1716	1.4889	0.0	0.1524	0.5325	200.0	
1.14	0.8266	0.0008	0.1726	1.4889	0.0	0.1488	0.5266	200.0	
1.15	0.8222	0.0059	0.1719	1.4888	0.0	0.1456	0.5208	200.0	
1.16	0.8196	0.008	0.1724	1.4888	0.0	0.1423	0.5149	200.0	
1.17	0.8161	0.0108	0.173	1.4888	0.0	0.1391	0.5091	200.0	
1.18	0.8103	0.0203	0.1694	1.4888	0.0	0.1361	0.5034	200.0	
1.19	0.8094	0.0193	0.1714	1.4888	0.0	0.1331	0.4976	200.0	
1.2	0.8124	0.01	0.1776	1.4888	0.0	0.1302	0.4919	200.0	
1.21	0.8125	0.0077	0.1798	1.4887	0.0	0.1274	0.4862	200.0	
1.22	0.8127	0.0048	0.1825	1.4887	0.0	0.1247	0.4806	200.0	
1.23	0.8144	0.0	0.1858	1.4887	0.0	0.1221	0.475	200.0	
1.24	0.8129	0.0	0.1872	1.4887	0.0	0.1195	0.4694	200.0	
1.25	0.8112	0.0	0.1888	1.4887	0.0	0.1169	0.4639	200.0	
1.26	0.8098	0.0	0.1902	1.4886	0.0	0.1145	0.4585	200.0	
1.27	0.8084	0.0001	0.1916	1.4886	0.0	0.1122	0.453	200.0	
1.28	0.8068	0.0002	0.193	1.4886	0.0	0.1098	0.4477	200.0	
1.29	0.8051	0.0002	0.1947	1.4886	0.0	0.1075	0.4424	200.0	
1.3	0.8033	0.0003	0.1964	1.4886	0.0	0.1053	0.4371	200.0	
1.31	0.8016	0.0003	0.1981	1.4886	0.0	0.1031	0.4319	200.0	
1.32	0.7998	0.0004	0.1998	1.4886	0.0	0.101	0.4268	200.0	
1.33	0.7981	0.0004	0.2015	1.4886	0.0	0.099	0.4217	200.0	
1.34	0.7939	0.0044	0.2017	1.4885	0.0	0.097	0.4167	200.0	
1.35	0.7895	0.0082	0.2022	1.4885	0.0	0.0951	0.4117	200.0	
1.36	0.7865	0.0106	0.2029	1.4885	0.0	0.0932	0.4068	200.0	
1.37	0.7803	0.0192	0.2004	1.4885	0.0	0.0914	0.4019	200.0	
1.38	0.7754	0.0253	0.1993	1.4885	0.0	0.0896	0.3971	200.0	
1.39	0.7727	0.0267	0.2005	1.4885	0.0	0.0878	0.3924	200.0	
1.4	0.7711	0.026	0.2029	1.4885	0.0	0.086	0.3877	200.0	
1.41	0.7684	0.0275	0.2041	1.4885	0.0	0.0843	0.3831	200.0	
1.42	0.7651	0.0302	0.2047	1.4885	0.0	0.0827	0.3785	200.0	
1.43	0.7619	0.0327	0.2054	1.4885	0.0	0.0811	0.374	200.0	
1.44	0.7608	0.0313	0.2079	1.4884	0.0	0.0796	0.3696	200.0	
1.45	0.7621	0.0252	0.2127	1.4884	0.0	0.0781	0.3652	200.0	
1.46	0.7645	0.0164	0.2191	1.4884	0.0	0.0766	0.3609	200.0	
1.47	0.7654	0.0107	0.2238	1.4884	0.0	0.0751	0.3566	200.0	
1.48	0.7639	0.01	0.2261	1.4884	0.0	0.0736	0.3524	200.0	
1.49	0.7623	0.0091	0.2286	1.4884	0.0	0.0723	0.3483	200.0	
1.5	0.7606	0.0084	0.231	1.4884	0.0	0.0709	0.3442	200.0	
1.51	0.7588	0.0079	0.2333	1.4884	0.0	0.0696	0.3402	200.0	
1.52	0.7569	0.0076	0.2355	1.4884	0.0	0.0683	0.3362	200.0	
1.53	0.7547	0.0076	0.2377	1.4884	0.0	0.067	0.3323	200.0	
1.54	0.7524	0.0077	0.24	1.4884	0.0	0.0657	0.3284	200.0	
1.55	0.7502	0.0078	0.242	1.4884	0.0	0.0645	0.3246	200.0	
1.56	0.748	0.0079	0.2441	1.4884	0.0	0.0633	0.3209	200.0	
1.57	0.746	0.008	0.246	1.4883	0.0	0.0622	0.3171	200.0	
1.58	0.7439	0.008	0.2482	1.4883	0.0	0.0611	0.3135	200.0	
1.59	0.7417	0.008	0.2503	1.4883	0.0	0.0599	0.3099	200.0	
1.6	0.7394	0.0082	0.2524	1.4883	0.0	0.0588	0.3064	200.0	
1.61	0.7371	0.0084	0.2545	1.4883	0.0	0.0578	0.3029	200.0	
1.62	0.7345	0.0088	0.2567	1.4883	0.0	0.0567	0.2995	200.0	
1.63	0.7321	0.0092	0.2587	1.4883	0.0	0.0556	0.2961	200.0	
1.64	0.7292	0.0103	0.2605	1.4883	0.0	0.0546	0.2928	200.0	
1.65	0.7238	0.0159	0.2603	1.4883	0.0	0.0537	0.2895	200.0	
1.66	0.7071	0.0436	0.2493	1.4883	0.0001	0.0527	0.2863	200.0	
1.67	0.6724	0.1007	0.2269	1.4883	0.0001	0.0518	0.2831	200.0	
1.68	0.6385	0.1543	0.2072	1.4883	0.0002	0.0508	0.28	200.0	
1.69	0.6177	0.1877	0.1946	1.4883	0.0003	0.0499	0.2769	200.0	
1.7	0.6151	0.1885	0.1964	1.4883	0.0003	0.0491	0.2738	200.0	
1.71	0.617	0.1812	0.2017	1.4883	0.0002	0.0482	0.2708	200.0	
1.72	0.6157	0.1797	0.2046	1.4883	0.0002	0.0474	0.2679	200.0	
1.73	0.6158	0.1757	0.2085	1.4883	0.0002	0.0465	0.265	200.0	
1.74	0.6213	0.1622	0.2165	1.4883	0.0002	0.0457	0.2621	200.0	
1.75	0.6299	0.1422	0.2279	1.4883	0.0002	0.0449	0.2593	200.0	
1.76	0.637	0.127	0.2359	1.4883	0.0002	0.0442	0.2565	200.0	
1.77	0.6468	0.1073	0.2459	1.4882	0.0001	0.0434	0.2537	200.0	
1.78	0.6552	0.0881	0.2567	1.4882	0.0001	0.0427	0.251	200.0	
1.79	0.6577	0.0793	0.263	1.4882	0.0001	0.042	0.2484	200.0	
1.8	0.6568	0.0769	0.2662	1.4882	0.0001	0.0412	0.2458	200.0	
1.81	0.6562	0.0736	0.2702	1.4882	0.0001	0.0405	0.2432	200.0	
1.82	0.6571	0.0679	0.275	1.4882	0.0001	0.0398	0.2406	200.0	
1.83	0.6583	0.0615	0.2802	1.4882	0.0001	0.0392	0.2381	200.0	
1.84	0.6597	0.055	0.2853	1.4882	0.0001	0.0385	0.2357	200.0	
1.85	0.6611	0.0486	0.2903	1.4882	0.0001	0.0379	0.2332	200.0	
1.86	0.6605	0.0454	0.2941	1.4882	0.0001	0.0372	0.2308	200.0	
1.87	0.6575	0.046	0.2965	1.4882	0.0001	0.0366	0.2285	200.0	
1.88	0.6519	0.0507	0.2974	1.4882	0.0001	0.036	0.2261	200.0	
1.89	0.6446	0.0585	0.2969	1.4882	0.0001	0.0354	0.2238	200.0	
1.9	0.6344	0.0716	0.2939	1.4882	0.0001	0.0348	0.2216	200.0	
1.91	0.6262	0.0819	0.2919	1.4882	0.0001	0.0342	0.2194	200.0	
1.92	0.6242	0.0813	0.2945	1.4882	0.0001	0.0336	0.2172	200.0	
1.93	0.6245	0.0764	0.2991	1.4882	0.0001	0.0331	0.215	200.0	
1.94	0.6228	0.0752	0.302	1.4882	0.0001	0.0325	0.2128	200.0	
1.95	0.62	0.076	0.304	1.4882	0.0001	0.032	0.2107	200.0	
1.96	0.6215	0.0696	0.309	1.4882	0.0001	0.0315	0.2087	200.0	
1.97	0.6231	0.0627	0.3142	1.4882	0.0001	0.031	0.2066	200.0	
1.98	0.6219	0.0606	0.3175	1.4882	0.0001	0.0305	0.2046	200.0	
1.99	0.6187	0.062	0.3193	1.4882	0.0001	0.03	0.2026	200.0	
2.0	0.6147	0.0648	0.3205	1.4882	0.0001	0.0295	0.2006	200.0	
2.01	0.6092	0.0703	0.3206	1.4882	0.0001	0.029	0.1987	200.0	
2.02	0.601	0.0808	0.3182	1.4882	0.0001	0.0286	0.1968	200.0	
2.03	0.5941	0.0892	0.3167	1.4882	0.0001	0.0281	0.1949	200.0	
2.04	0.589	0.0944	0.3167	1.4882	0.0001	0.0276	0.1931	200.0	
2.05	0.584	0.0993	0.3167	1.4882	0.0001	0.0272	0.1912	200.0	
2.06	0.5782	0.1059	0.3159	1.4882	0.0001	0.0268	0.1894	200.0	
2.07	0.572	0.1132	0.3148	1.4882	0.0001	0.0264	0.1877	200.0	
2.08	0.5683	0.1159	0.3158	1.4882	0.0001	0.0259	0.1859	200.0	
2.09	0.5662	0.1155	0.3183	1.4882	0.0001	0.0255	0.1842	200.0	
2.1	0.5611	0.1207	0.3182	1.4882	0.0001	0.0251	0.1825	200.0	
2.11	0.5478	0.1395	0.3127	1.4882	0.0002	0.0247	0.1808	200.0	
2.12	0.5335	0.1612	0.3053	1.4881	0.0002	0.0244	0.1791	200.0	
2.13	0.5272	0.1684	0.3044	1.4881	0.0002	0.024	0.1774	200.0	
2.14	0.5256	0.1673	0.307	1.4881	0.0002	0.0236	0.1758	200.0	
2.15	0.5272	0.161	0.3119	1.4881	0.0002	0.0233	0.1742	200.0	
2.16	0.5289	0.1541	0.317	1.4881	0.0002	0.0229	0.1727	200.0	
2.17	0.5335	0.1421	0.3243	1.4881	0.0002	0.0225	0.1711	200.0	
2.18	0.5332	0.1389	0.3279	1.4881	0.0002	0.0222	0.1696	200.0	
2.19	0.5293	0.1419	0.3287	1.4881	0.0002	0.0219	0.1681	200.0	
2.2	0.5177	0.159	0.3233	1.4881	0.0002	0.0215	0.1666	200.0	
2.21	0.4969	0.193	0.3101	1.4881	0.0002	0.0212	0.1651	200.0	
2.22	0.463	0.2519	0.2851	1.4881	0.0004	0.0209	0.1636	200.0	
2.23	0.4158	0.3412	0.243	1.4881	0.0006	0.0206	0.1622	200.0	
2.24	0.3678	0.432	0.2002	1.4881	0.0008	0.0202	0.1608	200.0	
2.25	0.3208	0.5116	0.1676	1.4881	0.0011	0.0199	0.1594	200.0	
2.26	0.2882	0.5688	0.143	1.4881	0.0014	0.0196	0.158	200.0	
2.27	0.2749	0.5912	0.1338	1.4881	0.0016	0.0193	0.1566	200.0	
2.28	0.2715	0.5949	0.1336	1.4881	0.0016	0.019	0.1553	200.0	
2.29	0.2627	0.6094	0.1279	1.4881	0.0017	0.0188	0.1539	200.0	
2.3	0.2562	0.6194	0.1244	1.4881	0.0017	0.0185	0.1526	200.0	
2.31	0.2679	0.5934	0.1387	1.4881	0.0016	0.0182	0.1513	200.0	
2.32	0.2926	0.5431	0.1643	1.4881	0.0013	0.0179	0.15	200.0	
2.33	0.309	0.5099	0.1811	1.4881	0.0011	0.0177	0.1488	200.0	
2.34	0.3115	0.5012	0.1873	1.4881	0.0011	0.0174	0.1475	200.0	
2.35	0.3111	0.4985	0.1905	1.4881	0.0011	0.0172	0.1463	200.0	
2.36	0.3177	0.4818	0.2005	1.4881	0.001	0.0169	0.1451	200.0	
2.37	0.3229	0.4692	0.2079	1.4881	0.0009	0.0167	0.1439	200.0	
2.38	0.3204	0.4708	0.2088	1.4881	0.0009	0.0164	0.1427	200.0	
2.39	0.3125	0.4819	0.2056	1.4881	0.001	0.0162	0.1415	200.0	
2.4	0.3063	0.49	0.2036	1.4881	0.001	0.016	0.1403	200.0	
2.41	0.3003	0.4979	0.2018	1.4881	0.0011	0.0157	0.1392	200.0	
2.42	0.2951	0.5044	0.2005	1.4881	0.0011	0.0155	0.1381	200.0	
2.43	0.2873	0.5162	0.1965	1.4881	0.0012	0.0153	0.1369	200.0	
2.44	0.2788	0.5297	0.1916	1.4881	0.0012	0.0151	0.1358	200.0	
2.45	0.2781	0.5271	0.1948	1.4881	0.0012	0.0149	0.1348	200.0	
2.46	0.2873	0.5049	0.2078	1.4881	0.0011	0.0146	0.1337	200.0	
2.47	0.2987	0.4797	0.2216	1.4881	0.001	0.0144	0.1326	200.0	
2.48	0.3099	0.4534	0.2367	1.4881	0.0009	0.0142	0.1316	200.0	
2.49	0.3264	0.4163	0.2573	1.4881	0.0008	0.014	0.1305	200.0	
2.5	0.3413	0.3824	0.2763	1.4881	0.0007	0.0138	0.1295	200.0	

Input file:
nn
output:out2
particle1:baso4.txt
matrix1:acr.txt
solar:am15.txt
photons:100000
start:0.25
end:2.5
interval:0.01

sim1
layer1
matrix1
t:200
particle1
d:0.4
vf:60
std:0.1
