Sim 3

Solar R: 0.9611
Solar A: 0.0
Solar T: 0.0389

WL	R	A	T	n(1)	mu_a(1)	mu_s(1)	g(1)	t(1)
0.25	0.9601	0.0	0.0399	1.0	0.0	3.4909	0.7582	50.0	
0.26	0.9565	0.0	0.0435	1.0	0.0	3.5965	0.7835	50.0	
0.27	0.9522	0.0	0.0478	1.0	0.0	3.768	0.8168	50.0	
0.28	0.9693	0.0	0.0307	1.0	0.0	4.0702	0.7409	50.0	
0.29	0.9637	0.0	0.0363	1.0	0.0	3.8135	0.7632	50.0	
0.3	0.9651	0.0	0.0349	1.0	0.0	3.4614	0.7321	50.0	
0.31	0.9654	0.0	0.0346	1.0	0.0	3.3122	0.7183	50.0	
0.32	0.9692	0.0	0.0308	1.0	0.0	3.0544	0.6488	50.0	
0.33	0.963	0.0	0.037	1.0	0.0	2.7184	0.6749	50.0	
0.34	0.9719	0.0	0.0281	1.0	0.0	2.7607	0.5903	50.0	
0.35	0.9642	0.0	0.0358	1.0	0.0	2.2702	0.5966	50.0	
0.36	0.9666	0.0	0.0334	1.0	0.0	2.4149	0.5971	50.0	
0.37	0.9733	0.0	0.0267	1.0	0.0	2.5368	0.5214	50.0	
0.38	0.9662	0.0	0.0338	1.0	0.0	2.2098	0.5462	50.0	
0.39	0.9664	0.0	0.0336	1.0	0.0	2.4601	0.5991	50.0	
0.4	0.971	0.0	0.029	1.0	0.0	2.7695	0.5855	50.0	
0.41	0.9713	0.0	0.0287	1.0	0.0	2.6402	0.5655	50.0	
0.42	0.9668	0.0	0.0332	1.0	0.0	2.7096	0.6234	50.0	
0.43	0.969	0.0	0.031	1.0	0.0	3.0811	0.6603	50.0	
0.44	0.9713	0.0	0.0287	1.0	0.0	3.4211	0.6613	50.0	
0.45	0.972	0.0	0.028	1.0	0.0	3.4138	0.6559	50.0	
0.46	0.9688	0.0	0.0312	1.0	0.0	3.4123	0.6879	50.0	
0.47	0.9679	0.0	0.0321	1.0	0.0	3.6773	0.72	50.0	
0.48	0.9695	0.0	0.0305	1.0	0.0	4.0346	0.7346	50.0	
0.49	0.9709	0.0	0.0291	1.0	0.0	4.3054	0.7327	50.0	
0.5	0.9709	0.0	0.0291	1.0	0.0	4.3351	0.7283	50.0	
0.51	0.9707	0.0	0.0293	1.0	0.0	4.296	0.7395	50.0	
0.52	0.9682	0.0	0.0318	1.0	0.0	4.4021	0.7595	50.0	
0.53	0.9682	0.0	0.0318	1.0	0.0	4.6251	0.7763	50.0	
0.54	0.9683	0.0	0.0317	1.0	0.0	4.8794	0.7856	50.0	
0.55	0.9695	0.0	0.0305	1.0	0.0	5.0741	0.787	50.0	
0.56	0.9708	0.0	0.0292	1.0	0.0	5.1334	0.7837	50.0	
0.57	0.9698	0.0	0.0302	1.0	0.0	5.0869	0.7818	50.0	
0.58	0.9697	0.0	0.0303	1.0	0.0	5.0501	0.7845	50.0	
0.59	0.9698	0.0	0.0302	1.0	0.0	5.0835	0.7905	50.0	
0.6	0.9671	0.0	0.0329	1.0	0.0	5.1779	0.7976	50.0	
0.61	0.9684	0.0	0.0316	1.0	0.0	5.3012	0.8042	50.0	
0.62	0.9678	0.0	0.0322	1.0	0.0	5.4184	0.8093	50.0	
0.63	0.9678	0.0	0.0322	1.0	0.0	5.4945	0.8122	50.0	
0.64	0.9677	0.0	0.0323	1.0	0.0	5.5059	0.8131	50.0	
0.65	0.9679	0.0	0.0321	1.0	0.0	5.4577	0.8126	50.0	
0.66	0.9676	0.0	0.0324	1.0	0.0	5.3835	0.8117	50.0	
0.67	0.9672	0.0	0.0328	1.0	0.0	5.3194	0.811	50.0	
0.68	0.9669	0.0	0.0331	1.0	0.0	5.2835	0.8107	50.0	
0.69	0.967	0.0	0.033	1.0	0.0	5.2767	0.8107	50.0	
0.7	0.9666	0.0	0.0334	1.0	0.0	5.2905	0.811	50.0	
0.71	0.9668	0.0	0.0332	1.0	0.0	5.3136	0.8115	50.0	
0.72	0.9672	0.0	0.0328	1.0	0.0	5.3344	0.8121	50.0	
0.73	0.9677	0.0	0.0323	1.0	0.0	5.3418	0.8128	50.0	
0.74	0.9662	0.0	0.0338	1.0	0.0	5.3274	0.8134	50.0	
0.75	0.9664	0.0	0.0336	1.0	0.0	5.287	0.8139	50.0	
0.76	0.9667	0.0	0.0333	1.0	0.0	5.2232	0.8141	50.0	
0.77	0.9668	0.0	0.0332	1.0	0.0	5.1437	0.8142	50.0	
0.78	0.9651	0.0	0.0349	1.0	0.0	5.0592	0.8142	50.0	
0.79	0.9643	0.0	0.0357	1.0	0.0	4.9788	0.814	50.0	
0.8	0.9636	0.0	0.0364	1.0	0.0	4.9084	0.8138	50.0	
0.81	0.9649	0.0	0.0351	1.0	0.0	4.8504	0.8134	50.0	
0.82	0.9636	0.0	0.0364	1.0	0.0	4.8039	0.8128	50.0	
0.83	0.964	0.0	0.036	1.0	0.0	4.7666	0.8121	50.0	
0.84	0.9636	0.0	0.0365	1.0	0.0	4.7354	0.8112	50.0	
0.85	0.9638	0.0	0.0362	1.0	0.0	4.7069	0.8101	50.0	
0.86	0.9628	0.0	0.0372	1.0	0.0	4.678	0.8089	50.0	
0.87	0.9641	0.0	0.0359	1.0	0.0	4.6457	0.8076	50.0	
0.88	0.9637	0.0	0.0363	1.0	0.0	4.6078	0.8062	50.0	
0.89	0.9641	0.0	0.0359	1.0	0.0	4.5625	0.8047	50.0	
0.9	0.9638	0.0	0.0362	1.0	0.0	4.5088	0.803	50.0	
0.91	0.9621	0.0	0.0379	1.0	0.0	4.4471	0.8012	50.0	
0.92	0.9618	0.0	0.0382	1.0	0.0	4.3783	0.7993	50.0	
0.93	0.9615	0.0	0.0385	1.0	0.0	4.3043	0.7971	50.0	
0.94	0.9612	0.0	0.0388	1.0	0.0	4.2274	0.7949	50.0	
0.95	0.9626	0.0	0.0374	1.0	0.0	4.1501	0.7926	50.0	
0.96	0.9612	0.0	0.0388	1.0	0.0	4.0746	0.7904	50.0	
0.97	0.9608	0.0	0.0392	1.0	0.0	4.0026	0.7882	50.0	
0.98	0.9614	0.0	0.0386	1.0	0.0	3.9352	0.7863	50.0	
0.99	0.9597	0.0	0.0403	1.0	0.0	3.8732	0.7845	50.0	
1.0	0.9605	0.0	0.0395	1.0	0.0	3.8164	0.7829	50.0	
1.01	0.9611	0.0	0.0389	1.0	0.0	3.7648	0.7816	50.0	
1.02	0.9587	0.0	0.0413	1.0	0.0	3.7175	0.7806	50.0	
1.03	0.9595	0.0	0.0405	1.0	0.0	3.674	0.7797	50.0	
1.04	0.9602	0.0	0.0398	1.0	0.0	3.6334	0.7791	50.0	
1.05	0.9593	0.0	0.0407	1.0	0.0	3.5948	0.7786	50.0	
1.06	0.9592	0.0	0.0408	1.0	0.0	3.5576	0.7782	50.0	
1.07	0.9578	0.0	0.0422	1.0	0.0	3.5208	0.7779	50.0	
1.08	0.9583	0.0	0.0417	1.0	0.0	3.484	0.7776	50.0	
1.09	0.9583	0.0	0.0417	1.0	0.0	3.4465	0.7773	50.0	
1.1	0.9575	0.0	0.0425	1.0	0.0	3.4077	0.777	50.0	
1.11	0.9561	0.0	0.0439	1.0	0.0	3.3674	0.7765	50.0	
1.12	0.9552	0.0	0.0448	1.0	0.0	3.3253	0.776	50.0	
1.13	0.9558	0.0	0.0442	1.0	0.0	3.2813	0.7753	50.0	
1.14	0.9564	0.0	0.0436	1.0	0.0	3.2354	0.7745	50.0	
1.15	0.9556	0.0	0.0445	1.0	0.0	3.1875	0.7735	50.0	
1.16	0.9552	0.0	0.0448	1.0	0.0	3.1379	0.7722	50.0	
1.17	0.9538	0.0	0.0462	1.0	0.0	3.0869	0.7706	50.0	
1.18	0.954	0.0	0.046	1.0	0.0	3.0347	0.7688	50.0	
1.19	0.9528	0.0	0.0472	1.0	0.0	2.9818	0.7667	50.0	
1.2	0.9529	0.0	0.0471	1.0	0.0	2.9284	0.7643	50.0	
1.21	0.9533	0.0	0.0467	1.0	0.0	2.8751	0.7617	50.0	
1.22	0.9519	0.0	0.0481	1.0	0.0	2.8223	0.7587	50.0	
1.23	0.9516	0.0	0.0484	1.0	0.0	2.7702	0.7555	50.0	
1.24	0.9522	0.0	0.0478	1.0	0.0	2.7191	0.752	50.0	
1.25	0.9507	0.0	0.0493	1.0	0.0	2.6694	0.7482	50.0	
1.26	0.9521	0.0	0.0479	1.0	0.0	2.6214	0.7443	50.0	
1.27	0.9509	0.0	0.0491	1.0	0.0	2.5751	0.7403	50.0	
1.28	0.9527	0.0	0.0473	1.0	0.0	2.5307	0.7361	50.0	
1.29	0.952	0.0	0.048	1.0	0.0	2.4882	0.7318	50.0	
1.3	0.9513	0.0	0.0487	1.0	0.0	2.4477	0.7274	50.0	
1.31	0.9513	0.0	0.0487	1.0	0.0	2.409	0.7231	50.0	
1.32	0.9523	0.0	0.0477	1.0	0.0	2.3722	0.7188	50.0	
1.33	0.9506	0.0	0.0494	1.0	0.0	2.3372	0.7145	50.0	
1.34	0.9525	0.0	0.0475	1.0	0.0	2.3039	0.7104	50.0	
1.35	0.9512	0.0	0.0488	1.0	0.0	2.2722	0.7063	50.0	
1.36	0.9513	0.0	0.0487	1.0	0.0	2.242	0.7024	50.0	
1.37	0.9517	0.0	0.0483	1.0	0.0	2.2131	0.6987	50.0	
1.38	0.9522	0.0	0.0478	1.0	0.0	2.1853	0.6951	50.0	
1.39	0.9515	0.0	0.0485	1.0	0.0	2.1587	0.6918	50.0	
1.4	0.9513	0.0	0.0487	1.0	0.0	2.1329	0.6886	50.0	
1.41	0.952	0.0	0.048	1.0	0.0	2.108	0.6856	50.0	
1.42	0.9502	0.0	0.0498	1.0	0.0	2.0838	0.6829	50.0	
1.43	0.9506	0.0	0.0494	1.0	0.0	2.0601	0.6803	50.0	
1.44	0.95	0.0	0.05	1.0	0.0	2.0369	0.678	50.0	
1.45	0.9488	0.0	0.0512	1.0	0.0	2.0141	0.6759	50.0	
1.46	0.9509	0.0	0.0491	1.0	0.0	1.9915	0.674	50.0	
1.47	0.9481	0.0	0.0519	1.0	0.0	1.9691	0.6723	50.0	
1.48	0.9495	0.0	0.0505	1.0	0.0	1.9469	0.6707	50.0	
1.49	0.9497	0.0	0.0503	1.0	0.0	1.9247	0.6694	50.0	
1.5	0.9484	0.0	0.0516	1.0	0.0	1.9025	0.6683	50.0	
1.51	0.9475	0.0	0.0525	1.0	0.0	1.8802	0.6673	50.0	
1.52	0.9472	0.0	0.0528	1.0	0.0	1.8579	0.6664	50.0	
1.53	0.9491	0.0	0.0509	1.0	0.0	1.8355	0.6657	50.0	
1.54	0.948	0.0	0.052	1.0	0.0	1.813	0.6652	50.0	
1.55	0.9464	0.0	0.0536	1.0	0.0	1.7903	0.6647	50.0	
1.56	0.9454	0.0	0.0546	1.0	0.0	1.7673	0.6644	50.0	
1.57	0.9449	0.0	0.0551	1.0	0.0	1.7442	0.6641	50.0	
1.58	0.945	0.0	0.055	1.0	0.0	1.7209	0.6639	50.0	
1.59	0.9436	0.0	0.0564	1.0	0.0	1.6974	0.6638	50.0	
1.6	0.9434	0.0	0.0566	1.0	0.0	1.6738	0.6637	50.0	
1.61	0.9425	0.0	0.0575	1.0	0.0	1.6501	0.6637	50.0	
1.62	0.9419	0.0	0.0581	1.0	0.0	1.6263	0.6637	50.0	
1.63	0.9408	0.0	0.0592	1.0	0.0	1.6024	0.6637	50.0	
1.64	0.9394	0.0	0.0606	1.0	0.0	1.5785	0.6637	50.0	
1.65	0.9382	0.0	0.0618	1.0	0.0	1.5545	0.6637	50.0	
1.66	0.9384	0.0	0.0616	1.0	0.0	1.5305	0.6636	50.0	
1.67	0.9366	0.0	0.0634	1.0	0.0	1.5066	0.6635	50.0	
1.68	0.9364	0.0	0.0636	1.0	0.0	1.4827	0.6634	50.0	
1.69	0.9359	0.0	0.0641	1.0	0.0	1.4589	0.6632	50.0	
1.7	0.9334	0.0	0.0666	1.0	0.0	1.4352	0.6629	50.0	
1.71	0.9335	0.0	0.0664	1.0	0.0	1.4117	0.6625	50.0	
1.72	0.9325	0.0	0.0675	1.0	0.0	1.3884	0.662	50.0	
1.73	0.9317	0.0	0.0683	1.0	0.0	1.3653	0.6615	50.0	
1.74	0.93	0.0	0.0699	1.0	0.0	1.3424	0.6608	50.0	
1.75	0.9297	0.0	0.0703	1.0	0.0	1.3198	0.66	50.0	
1.76	0.9296	0.0	0.0703	1.0	0.0	1.2976	0.6591	50.0	
1.77	0.928	0.0	0.072	1.0	0.0	1.2756	0.658	50.0	
1.78	0.9263	0.0	0.0736	1.0	0.0	1.254	0.6569	50.0	
1.79	0.925	0.0	0.0749	1.0	0.0	1.2327	0.6556	50.0	
1.8	0.927	0.0	0.0729	1.0	0.0	1.2118	0.6541	50.0	
1.81	0.9244	0.0	0.0756	1.0	0.0	1.1912	0.6525	50.0	
1.82	0.922	0.0	0.078	1.0	0.0	1.1711	0.6508	50.0	
1.83	0.9214	0.0	0.0786	1.0	0.0	1.1514	0.6489	50.0	
1.84	0.9221	0.0	0.0778	1.0	0.0	1.1321	0.6469	50.0	
1.85	0.9205	0.0	0.0794	1.0	0.0	1.1132	0.6447	50.0	
1.86	0.9202	0.0001	0.0797	1.0	0.0	1.0947	0.6424	50.0	
1.87	0.9186	0.0001	0.0813	1.0	0.0	1.0766	0.6399	50.0	
1.88	0.9186	0.0001	0.0813	1.0	0.0	1.059	0.6373	50.0	
1.89	0.9176	0.0001	0.0824	1.0	0.0	1.0417	0.6346	50.0	
1.9	0.9162	0.0001	0.0837	1.0	0.0	1.0249	0.6317	50.0	
1.91	0.9155	0.0001	0.0844	1.0	0.0	1.0085	0.6287	50.0	
1.92	0.9168	0.0001	0.0831	1.0	0.0	0.9925	0.6256	50.0	
1.93	0.916	0.0001	0.0839	1.0	0.0	0.9768	0.6224	50.0	
1.94	0.9144	0.0001	0.0856	1.0	0.0	0.9616	0.619	50.0	
1.95	0.914	0.0001	0.0859	1.0	0.0	0.9467	0.6156	50.0	
1.96	0.9128	0.0001	0.0872	1.0	0.0	0.9322	0.612	50.0	
1.97	0.9133	0.0001	0.0866	1.0	0.0	0.9181	0.6083	50.0	
1.98	0.9136	0.0001	0.0863	1.0	0.0	0.9043	0.6045	50.0	
1.99	0.9124	0.0001	0.0875	1.0	0.0	0.8909	0.6007	50.0	
2.0	0.9116	0.0001	0.0883	1.0	0.0	0.8778	0.5967	50.0	
2.01	0.9096	0.0001	0.0903	1.0	0.0	0.865	0.5927	50.0	
2.02	0.9116	0.0001	0.0883	1.0	0.0	0.8526	0.5886	50.0	
2.03	0.91	0.0001	0.0899	1.0	0.0	0.8404	0.5845	50.0	
2.04	0.9098	0.0001	0.0901	1.0	0.0	0.8286	0.5802	50.0	
2.05	0.9109	0.0001	0.089	1.0	0.0	0.817	0.576	50.0	
2.06	0.9119	0.0001	0.088	1.0	0.0	0.8057	0.5716	50.0	
2.07	0.9089	0.0001	0.091	1.0	0.0	0.7947	0.5673	50.0	
2.08	0.9102	0.0001	0.0897	1.0	0.0	0.7839	0.5629	50.0	
2.09	0.9089	0.0001	0.0909	1.0	0.0	0.7734	0.5584	50.0	
2.1	0.9082	0.0001	0.0917	1.0	0.0	0.7631	0.5539	50.0	
2.11	0.9077	0.0001	0.0922	1.0	0.0	0.7531	0.5494	50.0	
2.12	0.9108	0.0001	0.089	1.0	0.0	0.7432	0.5449	50.0	
2.13	0.9076	0.0002	0.0922	1.0	0.0	0.7336	0.5404	50.0	
2.14	0.9068	0.0002	0.093	1.0	0.0	0.7242	0.5358	50.0	
2.15	0.9074	0.0002	0.0925	1.0	0.0	0.715	0.5313	50.0	
2.16	0.9073	0.0002	0.0925	1.0	0.0	0.706	0.5267	50.0	
2.17	0.9052	0.0002	0.0946	1.0	0.0	0.6972	0.5222	50.0	
2.18	0.9062	0.0002	0.0936	1.0	0.0	0.6885	0.5176	50.0	
2.19	0.9066	0.0002	0.0932	1.0	0.0	0.6801	0.5131	50.0	
2.2	0.9051	0.0002	0.0947	1.0	0.0	0.6717	0.5085	50.0	
2.21	0.9064	0.0002	0.0934	1.0	0.0	0.6636	0.504	50.0	
2.22	0.9066	0.0002	0.0932	1.0	0.0	0.6556	0.4995	50.0	
2.23	0.9056	0.0002	0.0942	1.0	0.0	0.6477	0.495	50.0	
2.24	0.9046	0.0002	0.0951	1.0	0.0	0.64	0.4906	50.0	
2.25	0.9045	0.0002	0.0953	1.0	0.0	0.6324	0.4861	50.0	
2.26	0.9028	0.0002	0.097	1.0	0.0	0.625	0.4817	50.0	
2.27	0.9013	0.0003	0.0984	1.0	0.0	0.6177	0.4773	50.0	
2.28	0.9028	0.0003	0.097	1.0	0.0	0.6105	0.4729	50.0	
2.29	0.9057	0.0003	0.0941	1.0	0.0	0.6034	0.4686	50.0	
2.3	0.9024	0.0003	0.0973	1.0	0.0	0.5964	0.4643	50.0	
2.31	0.9026	0.0003	0.0972	1.0	0.0	0.5896	0.46	50.0	
2.32	0.9026	0.0003	0.0971	1.0	0.0	0.5828	0.4558	50.0	
2.33	0.9019	0.0003	0.0978	1.0	0.0	0.5762	0.4516	50.0	
2.34	0.9019	0.0003	0.0978	1.0	0.0	0.5697	0.4475	50.0	
2.35	0.9007	0.0003	0.0989	1.0	0.0	0.5632	0.4433	50.0	
2.36	0.9001	0.0003	0.0996	1.0	0.0	0.5569	0.4393	50.0	
2.37	0.9011	0.0004	0.0986	1.0	0.0	0.5506	0.4352	50.0	
2.38	0.9006	0.0004	0.099	1.0	0.0	0.5444	0.4312	50.0	
2.39	0.9006	0.0004	0.099	1.0	0.0	0.5384	0.4272	50.0	
2.4	0.8988	0.0004	0.1008	1.0	0.0	0.5324	0.4233	50.0	
2.41	0.9002	0.0004	0.0993	1.0	0.0	0.5264	0.4194	50.0	
2.42	0.8994	0.0004	0.1001	1.0	0.0	0.5206	0.4156	50.0	
2.43	0.8971	0.0004	0.1024	1.0	0.0	0.5148	0.4118	50.0	
2.44	0.8987	0.0005	0.1008	1.0	0.0	0.5092	0.408	50.0	
2.45	0.896	0.0005	0.1035	1.0	0.0	0.5035	0.4043	50.0	
2.46	0.8956	0.0005	0.1039	1.0	0.0	0.498	0.4006	50.0	
2.47	0.8956	0.0005	0.1039	1.0	0.0	0.4925	0.397	50.0	
2.48	0.895	0.0005	0.1045	1.0	0.0	0.4871	0.3934	50.0	
2.49	0.8956	0.0005	0.1039	1.0	0.0	0.4818	0.3899	50.0	
2.5	0.8938	0.0006	0.1056	1.0	0.0	0.4765	0.3864	50.0	

Input file:
mc
output:out2
particle1:sio2.txt
particle2:air.txt
matrix1:air.txt
solar:am15.txt
photons:100000
start:0.25
end:2.5
interval:0.01

sim3
layer1
matrix1
t:50
particle1
d:1.1
vf:60
